P2
100 100
25500
25500
25500
25500
25500
25500
25500
25500
25500
25500
25500
25500
25500
25500
25500
25500
25500
25500
25500
25500
25500
25500
25500
25500
25500
25500
25500
25500
25500
25500
25500
25500
25500
25500
25500
25500
25500
25500
25500
25500
25500
25500
25500
25500
25500
25500
25500
25500
25500
25500
25500
25500
25500
25500
25500
25500
25500
25500
25500
25500
25500
25500
25500
25500
25500
25500
25500
25500
25500
25500
25500
25500
25500
25500
25500
25500
25500
25500
25500
25500
25500
25500
25500
25500
25500
25500
25500
25500
25500
25500
25500
25500
25500
25500
25500
25500
25500
25500
25500
25500
25500
25500
136995
166207
157869
150718
150786
157723
172654
198740
265465
261415
430642
512742
893289
986972
1216948
1530090
1516970
1906544
1452640
987496
863024
351976
344183
235615
195013
182206
181194
184356
186760
192489
194539
198186
202930
212220
212462
218630
223718
230376
232752
241349
243968
249968
255574
264046
268354
276158
281060
288554
291344
295420
304733
314879
319110
324410
332303
340024
351711
364488
372619
384703
397744
409282
431730
446928
463860
491712
518687
556447
585210
613333
671929
687401
759704
760929
832807
859170
910376
969413
1016285
1049434
1144988
1146336
1196182
1280270
1321395
1440564
1571958
1743227
1790565
1896730
2031865
1959857
1914679
1816822
1577153
1446999
765786
342826
25500
25500
341013
362335
294972
267797
267848
283371
288611
374362
391864
556762
531144
1137937
1330043
1739186
2173136
2439617
2972417
2610561
3199466
1847753
2165962
816339
763903
398708
380370
331060
332317
336899
343336
350403
356824
365375
379039
386506
395594
405901
418062
424142
433544
449110
451882
466780
473961
494508
505906
514583
535874
541826
550028
566082
581450
591648
608013
626523
633533
654902
676969
690573
714712
738827
759686
793070
826364
855083
908964
966404
1012028
1088287
1154790
1191945
1275963
1350004
1392660
1508299
1557507
1641934
1719432
1826394
1907743
2011979
2086903
2185546
2305375
2453924
2525326
2722665
2888854
3155319
3420213
3599381
3908134
3988315
3913512
3682944
3682900
3010709
2494300
1754630
25500
25500
580306
504800
392060
379996
378448
391749
426101
485716
642137
702141
1073114
1355212
1863319
2060576
2535726
2992820
2913535
3318942
2637644
1895274
1886915
1013160
803674
540071
508532
476615
475942
484252
492219
503167
519787
529019
533988
544852
557527
576813
587767
604091
614873
630777
644258
665928
681179
702695
713980
736278
753706
773071
798326
805900
830514
844056
880620
889782
921014
923713
962204
981572
1019661
1039548
1081464
1098948
1147282
1192157
1254246
1320575
1398094
1543011
1552095
1689015
1738942
1917767
1986692
2130512
2177907
2319053
2420309
2587390
2665771
2845349
2871295
2987964
3186534
3330191
3535894
3747817
4057290
4621509
4692747
5222731
5419911
5704937
6164715
6372654
6417030
7223257
6595423
5323788
1207225
25500
1801474
1219125
667700
489462
478781
493013
510439
577616
725140
625800
1126712
970665
1770857
1630896
2472507
2566875
2711454
3102513
2179122
2383153
1325071
1256934
797793
674154
615835
606823
612397
614027
629828
644189
660682
671496
689634
695100
718209
739092
760973
772998
788067
805944
820440
849448
866266
896457
917747
937123
963017
976568
1020053
1027138
1038202
1063994
1096352
1122283
1148971
1168917
1214288
1223374
1273179
1291316
1351210
1365392
1463528
1464793
1600426
1613871
1819271
1824041
2051812
2134035
2292630
2269450
2415551
2569120
2671620
2812319
3008448
3119341
3387605
3368660
3491745
3680609
3859106
4063586
4549941
4578870
4908612
5387560
5773558
6222164
6891917
7028526
7437444
8776065
9799264
11667043
17279329
14244446
25500
25500
3195415
1477817
614561
578064
572331
580319
600886
614974
683132
716879
864674
1058847
1227633
1440966
1851106
2075393
2248263
2405103
2052854
1893757
1384627
1125220
891670
773554
735656
720846
724851
733774
748500
774134
780119
794096
810594
828729
855427
870653
895959
914940
948743
959645
987296
1010367
1045134
1058531
1075482
1102959
1132912
1157829
1187285
1213967
1232339
1253487
1280821
1312215
1348408
1376474
1427302
1441237
1484255
1515835
1562311
1600995
1695445
1719469
1860022
1886826
2023186
2113165
2321850
2361670
2608079
2621593
2841429
2899832
3166105
3209234
3402017
3666644
3695486
3826623
3993755
4137595
4385577
4554836
4831015
5242117
5422250
6101725
6601200
6730536
7208694
7606920
8563821
9546998
13007388
15610176
26695575
18289015
178556977
25500
4146515
2118678
701798
668171
646533
642544
662237
681557
720018
754713
809932
943598
1048088
1192778
1463746
1564182
1710075
1742883
1621207
1352573
1195057
1015684
902184
839657
818289
823379
831738
843972
860935
878452
891715
922466
933064
947160
973981
996719
1032182
1046150
1072948
1090525
1123405
1142419
1175315
1193181
1227535
1241760
1286400
1313920
1324065
1354215
1378792
1406350
1438855
1471081
1508398
1546925
1586426
1613168
1659052
1696684
1746240
1792330
1855171
1925877
2053851
2099611
2209741
2329266
2515919
2610384
2842566
2923750
3118696
3221913
3474104
3553436
3803964
3874457
4059507
4138681
4371690
4442325
4745669
4830694
5126261
5243400
5698529
5875645
6416282
6614774
7193245
7393880
8799649
9501652
12671212
11972733
18285972
22538974
25500
25500
1505451
1021928
772284
717754
706293
710806
719210
741305
749477
765119
793823
823813
908278
982104
1197019
1199221
1352369
1350176
1284106
1213827
1133598
1012777
944300
905562
904102
906187
916947
931894
947121
969697
990317
1012708
1029679
1051795
1073033
1106307
1131892
1149350
1174713
1197410
1244885
1255049
1292864
1308012
1346526
1357815
1391870
1414407
1437940
1469554
1493462
1551275
1558686
1612094
1647718
1696188
1727092
1774379
1782214
1853070
1886379
1971900
1976935
2127955
2120345
2307926
2350891
2571187
2605507
2879670
2924948
3150534
3208104
3453230
3532313
3789770
3846965
4044765
4126318
4277279
4358694
4548002
4619211
4802321
4921397
5103060
5277615
5644709
5750687
6109711
6252431
6426823
6638190
6853178
7656152
7791974
6848785
4389969
25500
25500
2818630
1249532
804788
770124
761692
760393
766893
782479
791699
811964
823308
868122
878738
975155
985159
1086925
1102046
1130054
1101984
1091746
1043432
1003561
977864
966124
967350
979447
994646
1009832
1028737
1047534
1066121
1086804
1111858
1129101
1152115
1183442
1207590
1229349
1254056
1281689
1309002
1339141
1369999
1389963
1425380
1445811
1468574
1508550
1524148
1547629
1573191
1607156
1642782
1697851
1710840
1745819
1781243
1816849
1859595
1898269
1950542
1995496
2076293
2126021
2253412
2310875
2415619
2536690
2756542
2833857
2996704
3137651
3270573
3390239
3527655
3706393
3833624
3978463
4072067
4193490
4256619
4368035
4474638
4497012
4558797
4687534
4757342
4940737
5007088
5142741
5195251
5139003
5165426
4844360
4676514
4157493
3741429
1816767
25500
25500
2288294
2120166
815076
808475
799688
801389
815159
820897
839421
845163
862673
875368
875408
929007
932710
991159
1026452
1027003
1025008
1033762
1023903
1011807
1013662
1013076
1030045
1037866
1060657
1074201
1095231
1107323
1133153
1145250
1172126
1183542
1219420
1238128
1275662
1288298
1331000
1341791
1385809
1396098
1434276
1448482
1486552
1499416
1543235
1555328
1590086
1608847
1643559
1662797
1708499
1719894
1766102
1783386
1825911
1840270
1905801
1913303
1998645
2002614
2116308
2145315
2217189
2319287
2405252
2543581
2649655
2812069
2955029
3100580
3230086
3352910
3476461
3610430
3725536
3838650
3940600
3970059
4011916
4066381
4095920
4105602
4089850
4130199
4120750
4170244
4158581
4120907
4006476
4007648
3589014
3523993
2771609
2488659
1497191
1005822
25500
25500
1282283
1768914
839768
831935
834400
835932
842553
860411
875534
881935
898460
910323
912159
947838
964204
983344
996301
1014886
1007057
1029117
1033258
1036511
1038679
1050695
1062142
1081254
1093280
1117549
1126026
1147519
1166368
1192599
1205623
1228831
1245529
1272661
1298150
1325750
1353154
1378166
1405006
1431419
1455420
1492433
1505714
1533602
1558211
1580194
1599477
1628381
1648955
1673713
1700264
1728234
1755468
1783103
1807378
1830713
1861824
1901020
1937421
1991034
2039373
2094866
2164246
2259005
2337618
2446430
2569841
2715691
2801546
2967333
3060119
3200887
3330888
3405450
3488215
3599970
3640635
3680826
3695311
3664271
3677956
3613199
3595114
3539624
3480555
3410430
3263501
3176708
3047524
2866736
2520697
2316478
1663510
1281319
783426
378551
25500
25500
828190
839692
852389
848557
850974
855700
873974
878954
887449
899687
911331
926095
933559
947306
947907
976970
984988
1003800
1016280
1026264
1032465
1047215
1059098
1072487
1092243
1102504
1119411
1137153
1162656
1170291
1200110
1213780
1234377
1244903
1277140
1292358
1328006
1339009
1375158
1393182
1427840
1443480
1476438
1488100
1517319
1539530
1556691
1578487
1599354
1624638
1659694
1662788
1686428
1706966
1742123
1755039
1793098
1794925
1828962
1849346
1893735
1927321
1953777
2011789
2049739
2137581
2185441
2313500
2415553
2507549
2616237
2760369
2854805
2981581
3015577
3079285
3169302
3239664
3286479
3336505
3274257
3269338
3226098
3152799
3059097
2961050
2859613
2711542
2630276
2472933
2263947
1979352
1863416
1624049
1262236
953525
601815
436317
25500
25500
729222
793904
853738
857611
863367
869769
886262
891470
909150
911067
921631
936589
953004
956208
970995
978220
993864
1004734
1020437
1028657
1040253
1051487
1062560
1083125
1093495
1112984
1120503
1136001
1150720
1169214
1187385
1210147
1224392
1244259
1266128
1288531
1309997
1333136
1360120
1383431
1409815
1427634
1446008
1466045
1489824
1509453
1531515
1545606
1563492
1581020
1597125
1615331
1630315
1649033
1672410
1698878
1708068
1729734
1740589
1775647
1790447
1838111
1848641
1904222
1930633
2017965
2030966
2164459
2192981
2318856
2372808
2531045
2580828
2684148
2708347
2787060
2821590
2881208
2901541
2882183
2884616
2811708
2785830
2624010
2639792
2442146
2284445
2157343
2042072
1838076
1622477
1449974
1256530
1083695
821202
657221
442492
293749
25500
25500
706053
784615
860149
861654
875888
879537
895757
899781
916070
916268
932591
941929
955456
961381
974030
980512
995852
1005089
1017788
1027994
1041970
1049048
1065112
1075456
1088562
1098020
1118391
1126556
1139685
1164823
1181959
1189190
1209369
1229801
1255861
1270453
1301969
1312350
1351425
1356572
1384575
1391562
1416639
1426364
1453855
1463984
1484286
1494201
1503745
1521401
1535957
1550001
1567288
1576311
1590453
1609539
1618534
1630825
1644756
1663555
1690680
1707692
1737013
1769549
1807333
1828576
1877569
1956094
1995744
2094615
2112384
2198278
2261799
2358378
2381671
2443863
2470213
2494560
2498382
2481946
2422000
2372006
2355876
2239811
2261913
2003610
1997545
1697812
1547393
1387435
1315159
1065799
838128
764908
576410
428419
330234
380481
25500
25500
369327
814118
854616
863933
875922
881146
893939
899573
912335
920510
922989
936547
946743
953154
962894
971043
981249
990863
1002377
1015017
1023753
1036272
1044358
1060688
1068520
1084895
1100243
1104776
1116790
1133729
1144936
1162479
1175730
1193865
1211061
1229027
1245469
1264190
1284655
1303072
1320750
1333738
1351749
1363979
1384639
1394188
1413129
1420059
1429825
1445657
1455110
1466299
1476623
1482539
1491314
1502210
1511193
1517806
1531892
1539976
1551895
1564323
1584521
1602793
1629461
1652531
1692422
1728770
1779699
1816745
1863192
1915339
1976812
2020648
2062396
2099311
2114453
2109832
2115616
2060940
2045433
1943359
1918786
1741411
1712714
1521028
1443313
1335738
1174995
1012624
890541
701199
622542
518723
420618
345736
337492
400866
25500
25500
642228
799540
848623
853599
869486
873626
884281
892546
901665
906645
917502
925049
935694
939202
950627
956192
968458
975122
986598
994160
1005427
1014399
1024383
1032662
1041666
1051985
1065125
1075180
1087467
1099544
1112384
1122935
1137038
1150632
1167820
1178908
1196607
1213033
1226188
1246685
1256084
1265674
1279862
1287910
1304139
1312418
1324102
1334843
1343635
1356574
1359111
1367374
1371216
1377795
1381070
1386781
1389593
1395987
1397787
1405066
1407160
1415825
1419001
1432826
1449736
1462156
1493750
1494700
1548527
1549345
1615647
1614800
1694745
1694581
1746278
1737753
1764766
1755981
1748860
1722414
1668584
1621197
1547747
1445470
1355738
1260524
1138354
1002393
911028
749870
670362
591299
465133
390662
295679
248301
246101
288365
53824
25500
630627
720788
834265
839245
855336
859549
866785
872538
881786
885935
896791
903464
913101
920599
926488
932021
942959
948351
958873
964015
974776
981315
992506
998340
1007590
1015012
1026900
1035111
1045992
1054565
1065148
1074854
1089635
1098134
1113844
1121874
1137089
1145329
1159569
1170574
1184057
1196998
1202665
1214062
1220245
1230409
1236573
1243050
1247678
1254163
1256744
1260342
1261895
1263328
1264302
1264360
1265479
1265661
1264922
1265644
1266254
1266071
1268826
1270307
1283113
1282164
1307041
1306221
1341913
1343806
1388052
1390144
1428111
1430000
1449785
1449299
1445216
1444940
1409473
1373014
1320304
1262916
1200332
1164741
1034321
958886
813358
755176
620154
610490
434484
414217
360453
288624
241584
187231
183291
269802
25500
25500
643935
719014
815417
821750
834860
839448
845311
849066
859335
862097
872646
875430
885296
889766
898522
902261
912560
916880
925587
930804
940640
944688
955706
958569
968442
973890
985688
989068
995855
1005581
1012725
1024035
1031731
1042586
1049344
1059861
1067165
1078700
1084886
1096937
1103962
1112144
1118231
1125488
1131464
1136565
1140832
1144147
1147616
1148781
1149424
1150405
1148321
1146743
1142914
1140720
1138276
1137936
1133928
1127792
1125769
1118134
1117275
1114445
1115941
1107342
1119425
1115573
1134026
1143072
1159892
1155002
1179696
1172672
1189342
1190170
1182018
1159136
1144924
1087672
1071677
1020380
966215
851534
821728
686587
652526
587761
514763
421368
385018
293966
266316
230738
184494
150027
146086
314302
25500
25500
629364
704259
789300
795334
803068
811470
815117
821136
829312
832799
840457
843876
851986
856940
861595
868301
872569
877368
883230
891407
895334
900685
905801
910708
917177
924495
930620
936612
942263
949017
959414
964769
971857
976784
985384
989875
997418
1002236
1009963
1014415
1021506
1025193
1030820
1033953
1039679
1040868
1043315
1044214
1044953
1044546
1043248
1040057
1035929
1031163
1024269
1020766
1016125
1011931
1002911
997401
987878
980971
973126
964516
963154
951933
952697
948614
952574
943746
965060
960656
964447
960809
962125
952022
939622
915949
890735
853337
842160
791661
745114
674705
634793
562211
508384
443007
406475
351520
308896
255462
219802
182718
162518
142959
129658
96004
52432
25500
268339
684970
757196
765579
775251
779025
785714
788690
793004
798221
803042
807454
814650
817218
821093
825795
829391
835321
839076
846181
849472
853371
856175
861885
865813
871816
875324
880887
884406
891584
894902
901178
907305
909052
915435
917334
923820
926459
931820
934005
938052
939489
941865
944192
946166
945871
945670
945283
943397
942158
937243
926231
924506
917593
908238
899296
894351
887436
883801
873968
861078
854668
837544
833912
825150
818530
807243
804739
797642
791597
793463
788248
782023
780393
775048
766508
752406
732661
714757
688833
659692
620740
564738
518145
473015
433063
384757
337921
307758
259993
240146
209795
179853
159671
139846
129591
122527
96866
25500
25500
644587
661684
722693
730898
738786
743054
747679
752346
756249
760028
762273
765906
770950
773705
777310
779117
783679
787519
792126
795291
799359
801050
805284
808362
813034
815258
818840
821757
824753
828239
831559
833479
837023
838182
841687
842889
847026
847318
850663
850867
853272
853403
854832
854466
853930
852661
850624
847620
845813
842181
835787
828521
817273
799123
799690
788210
785813
774048
762092
757511
744135
734142
718411
708817
693749
692074
680604
669970
664952
658279
641304
645958
632758
633222
618795
603792
594631
580039
553391
544229
505921
489941
437309
421288
362116
343470
299553
270209
232641
223349
199999
180508
163089
145935
132461
124056
126484
145655
25500
25500
639363
631789
687304
694051
699560
703562
710503
710908
714308
716401
719184
721919
725208
727105
729898
732482
735005
738140
740777
743742
746097
748528
750326
753365
755121
756643
758561
760428
761851
763638
765462
766795
767998
768788
769806
769234
771722
772211
772346
770201
771995
769691
770557
769034
766711
763000
761081
755029
750053
745735
737904
727040
718346
705070
696599
688878
683836
673565
670752
652614
649090
630212
625085
612911
602291
589099
580487
557652
558093
545868
535158
519022
519288
508573
501390
491715
478981
461158
449402
433310
416830
397033
370478
343719
312887
283548
260591
235729
213867
196906
179440
164085
155763
148804
138895
128094
166182
335499
25500
25500
594057
581434
645264
656050
659925
665495
666625
669393
670874
673045
674727
677393
679401
680688
683025
684183
685685
687766
689136
691270
692138
694167
695176
696624
697719
698449
699165
699693
699648
700198
700662
700795
700361
700604
699371
699842
697961
698445
695894
695705
692879
692527
687948
687337
683780
679392
674845
670426
666114
658989
652983
643989
636918
622593
616121
602686
596798
586769
578566
565621
555789
543078
531563
518278
510534
498335
482000
471208
457987
449173
429176
429181
412870
412792
395760
391433
372001
367295
346361
345414
331096
314926
299463
275103
261650
240513
224189
205499
182176
177514
163860
160289
151619
147866
142729
162467
109381
179224
25500
25500
550905
549806
609435
615074
621351
623220
625329
626517
627391
629034
630086
631652
632732
633847
634472
635673
636471
637415
637972
639051
639680
640304
640346
640949
640857
640923
640161
640181
638961
638765
636910
637020
635052
634498
631487
631678
629857
628228
624506
623270
618445
617981
613826
610942
604213
602895
596712
592591
583821
578550
569792
564779
552675
544915
532287
522444
513838
509769
492036
485551
468994
462064
445736
431908
432082
422087
410129
398838
386161
377209
365705
355962
345420
339528
327236
320300
300092
294762
282486
274888
263898
251661
238268
226303
212884
199750
186858
177152
168952
164233
157680
154449
151554
149808
149544
164146
158655
122240
81163
25500
521342
517744
570182
574319
581040
581507
583161
583471
584726
584673
585763
585684
586814
586527
587395
586853
587720
587221
587782
587262
587638
586873
586852
585907
585555
583797
583838
581934
581144
579265
577609
574782
573740
570779
568976
565922
564485
561188
559206
555869
552396
547941
544951
540710
535805
529363
524767
517669
513184
506558
498654
489330
485686
477685
467958
460952
448014
440116
427211
421426
408555
400666
385076
373801
363968
351966
344202
333061
323505
310912
304569
290738
287898
277684
268510
260790
252139
240883
235648
226503
221672
211419
202129
191306
184912
176932
169825
163637
157275
154415
151142
150123
149496
150091
158213
141327
149023
243126
25500
25500
481203
481203
529950
535237
540775
540971
541540
541759
541831
541775
541678
541763
541346
541311
540441
540367
539770
539196
538224
537813
537017
536182
535177
533724
532481
530012
529466
527676
525749
523349
519511
516179
513729
512703
509901
506970
503790
500963
497287
494544
490241
486325
481162
477283
471429
467351
460629
454916
445428
442064
435866
427996
419092
414160
407570
396756
388691
376672
369214
359536
351491
338427
330195
317383
309312
298817
291198
280834
273913
263018
253992
245980
238221
234657
227962
219629
212899
202187
199510
190443
189066
182797
174456
169639
163062
158445
152729
148464
145813
144335
143573
144541
145530
149040
153918
170345
180414
136935
25500
25500
422311
428799
496266
496273
499253
500776
500580
500580
499599
499459
498856
498293
497220
496530
495238
494588
493334
492171
490400
489512
487839
487341
484465
483981
480349
479290
477569
473742
472239
470178
466658
463057
460157
456956
454155
451227
447284
442579
440005
435815
432602
427643
422957
417763
412809
408169
402105
396816
391392
384735
378158
371539
366026
359538
347128
342581
335030
325929
317251
309588
300247
290920
281687
272601
259735
254957
245473
239643
233300
225385
216228
210425
203660
198711
192773
187131
181386
176056
171738
167006
163171
158516
153711
149860
146057
142818
139541
136157
135254
134687
135109
138077
138395
146962
148955
156564
171275
211611
25500
25500
366324
349774
456989
457645
461218
462253
461445
460944
459535
458655
457623
456483
454239
453932
451351
450958
449375
447720
444444
444258
441987
440723
438745
436247
432466
431382
427014
426277
423145
419561
413581
412570
408026
406230
402925
399058
393621
391417
386058
383772
379714
375040
367437
365721
360200
354853
347847
344761
337557
333118
324298
317208
315057
309059
301848
295362
287070
280374
272642
266119
257126
249475
238514
231125
223512
216437
209903
201844
198055
189383
184739
178439
174417
168124
164733
159490
156575
151882
150322
144490
143536
138683
135959
133775
131250
128389
126670
124987
124555
124245
123910
126171
127099
128291
128928
135459
117715
115359
25500
25500
344697
361338
408619
422718
425427
425373
423752
423149
420678
420311
417561
417220
414657
413823
410772
410283
406735
406162
402746
401805
398213
397754
393175
392664
388106
386735
381576
381167
374273
373403
367994
365168
361273
360465
353129
351228
347436
343022
341026
337683
330754
329171
321801
319494
310904
309316
300070
298642
290708
284246
277971
272276
270987
265738
259844
253235
247250
240396
234561
227558
220801
214683
206242
200075
193647
186479
180068
175464
170147
165263
160601
153800
151076
145645
143581
140914
138065
133988
132590
129770
127331
125167
123108
120678
119531
116787
116140
114865
113718
112500
112431
112730
112918
113302
112475
113239
118779
136151
32151
25500
323949
346353
387759
389797
391132
390369
388682
386557
385440
383579
381759
378815
377470
376328
373651
372254
369147
366719
363748
361856
358555
357344
353747
352239
348920
346075
341531
340331
335514
333177
328091
325663
321226
318885
313422
310430
306499
303326
299309
296506
291369
287496
282312
277484
272577
269004
262502
258229
252702
247560
242150
237371
231103
226640
221410
211590
209543
204894
198912
189179
188295
183080
176895
171908
165384
157238
154426
147588
146473
142756
138325
132956
131680
127131
126095
123713
121456
118712
117885
115786
114301
112323
110970
108760
108148
106389
105534
104487
103079
100943
100473
99444
98842
97885
97770
93082
97623
78030
25500
25500
290776
330371
356612
357275
358319
357126
355921
353876
351272
350160
348343
345474
342654
340907
337963
336158
333809
330948
327299
325598
321795
320614
317259
315423
311359
308365
305635
302558
299018
295478
290709
288053
284737
281346
276172
272875
269772
267072
261801
259314
252435
250843
244748
240744
236509
233525
228100
226069
219150
214054
210934
206539
198919
197651
189518
185070
178323
173635
168721
164147
160475
155136
150517
145594
141752
137317
133111
128938
126328
124123
121042
118722
115847
113637
111646
108844
108042
106125
105456
103599
102904
100923
100343
98695
98296
97372
95863
94810
92716
91688
88885
85914
84977
83515
84044
79688
96537
162092
27214
25500
259616
290527
326871
327455
327622
326763
323762
322841
321170
319428
317120
314873
311902
308032
305641
302363
300864
297904
294441
293099
289082
287160
284354
281566
278180
275989
271484
269413
265479
263984
258657
257613
251680
250648
246393
242826
237976
236245
229866
227912
223176
219548
214693
212878
207590
205900
201447
194451
190160
187638
184251
180060
175343
169358
166828
162606
159068
153107
149936
143722
142191
138977
132603
129705
124689
121350
119313
116490
112248
111264
107274
106283
104343
102311
99956
99121
96947
96755
95754
94235
93628
91824
91490
90451
89428
87713
87163
85154
83835
82294
79661
75625
74538
70886
72745
74158
80610
110398
25500
25500
241929
278978
298288
298399
298911
298074
296161
294021
290834
290569
288511
285806
282440
280340
277332
275242
272603
269414
266067
264368
261265
259065
256257
253240
250232
247899
245177
242295
239055
235843
231168
229193
224545
222953
219269
215337
212079
208168
205358
199531
197309
194674
190457
188318
184792
181368
176446
172760
168684
164533
162010
159619
153750
151977
145710
144101
140069
136506
131360
129300
125176
122740
118398
115669
111077
108372
105823
103331
101360
99078
97647
95253
93893
91665
90147
89399
88308
87251
86261
85424
84330
83826
82678
81676
80376
79697
78787
76812
75113
73285
69505
67796
65372
63769
65037
70561
55981
84643
25500
25500
248505
251206
269879
271713
271971
271395
269137
266907
264611
263772
260697
258889
255325
253401
250083
248215
245782
241542
238953
236439
234579
231222
229043
225627
223606
220958
218791
215484
213359
210209
207531
204225
200231
197811
194457
191153
187548
185037
180872
178068
174570
171526
167809
165981
161264
158585
155249
152634
147530
145696
141237
139531
135298
133676
128132
126993
122524
120333
115999
114653
110170
109257
105773
103197
99821
97175
94745
92848
91229
89406
87985
86292
84767
83896
82527
81689
80929
80096
78942
78324
77248
76618
75558
75349
73812
73363
70851
70404
67827
67032
63861
62071
58401
55089
54747
51014
47894
36120
25500
25500
209203
225419
245909
246430
247203
246816
245103
242868
240867
239479
237684
234739
232171
229937
227214
224499
222265
218317
215612
212405
207840
207300
205524
202365
200916
197919
195961
192779
190884
187380
183584
182055
179358
177216
173233
171267
167405
165339
162023
158883
155311
154296
151231
147720
144519
140476
138426
135527
131921
128291
126057
123029
121182
118676
114516
113235
108609
106447
105002
102449
100148
97349
94346
92725
90561
88207
85429
84401
82185
81425
80148
78297
77230
76195
75225
74831
74140
73425
72535
72029
71175
70516
69590
69077
67938
66869
65368
64248
62333
59791
58523
54120
53222
51334
47516
42212
39834
99890
18553
25500
184527
192120
221824
222706
224392
224175
222893
220745
218734
217341
214773
212665
209776
208672
204700
203994
199211
198016
193794
192460
188589
186226
184157
182781
179677
178018
174434
173512
169894
168707
164618
163369
160219
158956
155415
153797
150509
148438
144652
143175
139158
137554
133556
131892
127444
125155
123789
121334
118313
114197
113398
109564
108585
104868
103874
100279
99710
95669
94891
91403
90075
86502
86261
82331
81164
78889
78133
75822
75393
73514
72696
71453
71216
69732
69715
68266
68180
66837
66877
66008
65451
64273
63946
62640
62417
61565
60669
58121
57847
55661
54659
51776
50113
47104
44015
40242
36968
30216
25500
25500
170795
179082
200922
201780
203801
203660
202356
200492
198012
196866
194976
192607
190551
188278
185990
184015
181721
178881
175945
173482
171583
168930
166988
164740
162533
159890
157804
155738
153880
150775
148678
145610
144634
142740
140725
138171
135895
133398
131097
128603
126368
123657
120846
118117
115787
113379
110400
108787
104904
104177
102141
100157
97345
95465
93588
91868
90539
88169
85959
84073
81989
80104
78569
75402
74453
72063
71606
70425
69441
68364
67278
66548
65562
64839
64141
63180
62683
61778
61387
60845
60362
59587
59108
58069
57595
56798
55743
54257
53233
51783
50297
48661
46160
43690
41336
38485
44239
48135
19166
25500
147294
156002
182226
182751
185449
184806
183327
182120
179595
178512
175970
174350
171604
170680
167332
166207
162839
161394
157518
156837
154592
152696
149786
148524
145519
144028
141890
140513
137513
135856
132846
131630
129580
127840
126167
123737
121576
119751
117486
115458
113445
111242
109004
106456
103703
101874
100035
97886
95693
93575
91859
89789
88346
86243
84651
82923
81231
79355
77861
75927
74350
73013
71220
69708
68255
66557
65422
64430
63168
62633
62077
60985
60147
59707
58656
58390
57955
57244
56632
56197
55366
55204
54673
53913
53122
52445
51501
50578
49858
48478
47668
45131
44079
41444
40398
37319
33010
30090
25500
25500
141748
146937
167090
167201
168028
167874
166714
164067
163274
161608
159857
157964
155901
153955
151892
150083
148080
144893
143872
142023
139815
138154
135139
134213
131019
130058
128150
126642
124855
122147
120752
118681
116938
115004
112757
111319
108784
107918
106250
103381
102408
99350
97156
96150
94692
92414
90920
88429
87239
85299
83756
81697
80641
78477
77559
75756
74305
72135
71382
68790
68326
66783
65316
63272
62861
61057
60634
59725
58884
57728
57341
56211
55964
55438
54797
54135
53787
53146
52792
52259
51792
51330
50838
49814
49440
48934
48279
47623
46866
45365
44865
43460
41776
38915
38484
34736
33203
39111
21017
25500
116403
129004
151083
151877
152756
152479
151171
149711
147401
146169
144310
142679
139632
139089
135799
135418
132658
131919
129658
127691
125901
124297
122377
120904
118705
117481
115224
114152
112223
110232
108916
107331
105533
103629
102190
100368
98940
97450
95835
94128
92353
90637
88888
87205
85383
84497
81924
80894
79456
77570
76421
74668
73641
71957
71078
69307
68265
66690
65712
63911
63132
61628
60589
59079
58261
57187
56426
55471
54817
53910
53351
52510
52096
51435
51053
50438
50069
49492
49151
48576
48299
47894
47404
46891
46352
45916
45262
44734
44076
43384
42369
41679
40261
38489
36105
34315
29164
29024
21488
25500
32847
115288
130292
138085
138855
138638
136969
135121
133474
132820
130077
129076
126427
125771
122931
122825
121095
119604
117815
116466
114091
113289
110894
109635
107732
106486
104494
103690
101983
100520
98832
97621
95413
94410
92660
91519
89693
88390
86932
85449
83788
82463
80881
79351
78173
76785
75170
73872
72931
71570
70333
69171
67788
66839
65643
64604
63275
62282
60973
59951
58591
57888
55931
55435
54439
53534
52226
51957
51261
50490
49931
49285
48757
48236
47762
47293
46851
46422
46030
45637
45051
44761
44300
45071
43437
43231
42446
41971
41446
40842
39835
39240
38900
36964
36444
34293
31666
44441
34268
25500
100426
108509
121829
125565
126368
126276
125561
123825
122654
120756
119387
117554
116167
114390
113121
111243
110388
108736
107377
105529
104341
102721
101456
99994
98691
97323
95748
94564
93118
91753
89717
88837
86745
86068
84946
83660
82157
81129
79986
78465
77176
75723
74484
73030
71945
70804
69521
67835
67233
65429
65088
64122
63019
61539
61051
59904
58938
57749
56825
55405
55015
53983
53039
52004
51092
50223
49622
48821
48230
47515
47051
46464
46020
45386
45022
44464
44144
43611
43382
42770
42694
42369
42986
44466
43284
40681
40459
40009
39576
38757
38445
37686
37343
36657
35093
32834
29966
27401
20870
25500
48969
95664
109313
112741
115153
115081
114402
113337
111787
110555
108864
107652
105880
104764
103062
101821
100390
99257
97607
96458
94886
93841
92244
91128
89905
88563
87249
86077
84724
83510
82250
81010
79822
78745
77651
76526
75437
74386
73234
72252
70845
69915
68574
67547
66286
65441
64213
63327
62179
61226
60286
59378
58369
57579
56565
55714
54624
53418
52752
51798
51198
50021
49470
48531
47989
47279
46714
45976
45579
45085
44577
44105
43593
43094
42615
42019
41807
41367
41108
40657
40432
39988
39757
39357
41169
38694
38398
37875
37614
37250
36690
36311
35691
35432
34571
34869
31205
31013
21404
25500
78334
85094
100086
102755
104872
105048
104117
103594
101884
101098
99442
98383
96455
95685
93903
93203
91451
90784
89680
88419
86845
85995
84718
83620
82491
81273
79803
78943
77221
76733
75330
74578
73003
72319
71270
70378
69126
68502
67122
66702
65346
64748
63147
62689
61161
60783
59446
58915
57472
57070
55804
55422
54344
53801
52561
52121
50916
50540
49511
48977
47890
47503
46721
46127
45588
44870
44428
43605
43302
42739
42319
41703
41405
40839
40527
40128
39811
39446
39163
38742
38536
38310
37936
37593
38352
37009
36695
36372
35960
35610
35121
34771
34170
33856
33170
33249
31467
29261
44964
25500
66696
77118
89733
93250
95781
96034
95179
94817
93870
92752
90836
90327
89067
87826
86643
85483
83681
83222
81609
80953
79830
78754
77044
76624
74961
74303
72993
72241
70923
70040
69138
68757
67522
66865
65726
65206
64503
63619
62654
61822
60383
59747
58757
58226
56857
56081
55223
54455
53753
52993
52112
51482
51191
50082
49611
49066
48319
47272
46993
45948
45668
45032
44438
43570
43339
42525
42307
41835
41388
40699
40508
39825
39650
39105
38800
38364
38163
37727
37535
37187
36958
36572
36388
35997
35816
35479
35247
34774
34550
33999
33738
33170
32611
31963
31187
30453
29899
27751
25500
25500
51553
70303
79484
85586
87293
87916
87631
86578
85770
84414
83623
82843
81668
80274
79421
78351
77266
75918
75212
73907
73240
71705
71018
69985
69160
68462
67545
66420
65818
64769
64250
63321
62751
61737
61089
60143
59630
58582
58040
57129
56480
55433
54973
53910
53531
52436
52073
51432
50708
49981
49339
48696
48109
47493
46864
46176
45635
44940
44443
43845
43278
42644
42241
41494
41211
40656
40296
39743
39521
38940
38700
38208
37927
37464
37276
36863
36670
36268
36079
35880
35611
35289
35094
34771
34573
34322
34043
33698
33401
32968
32628
32172
31621
30894
30285
29613
28489
27179
25500
25500
51902
65101
74619
78772
80394
80610
80372
79644
78850
77871
76886
75808
74832
73751
72774
71657
70964
69703
69125
67746
67139
66158
65367
64304
63714
62684
62096
61250
60519
59699
59196
58420
57969
57251
56692
55857
55471
54770
54112
53510
52735
52149
51116
50729
49930
49418
48553
48185
47344
46988
46261
45835
45027
44643
44124
43595
43163
42561
42114
41329
41007
40505
40166
39610
39374
38809
38575
38133
37888
37361
37143
36655
36455
36111
35910
35527
35367
34994
34826
34536
34334
34025
33865
33554
33392
33073
32914
32688
32372
31949
31639
31163
30650
29996
29280
28084
27295
24828
19628
25500
49102
60914
69256
72116
73804
74009
73840
73308
72434
71695
70605
69875
68955
67938
67129
65703
65079
64163
63481
62454
61965
60876
60338
59477
58838
57939
57469
56583
56100
55338
54912
54539
53975
53268
52830
52142
51685
51110
50499
49819
49307
48638
48148
47592
47021
46349
45918
45284
44870
44348
43841
43226
42825
42226
41870
41407
40953
40402
40032
39494
39182
38804
38441
38052
37735
37337
37035
36722
36402
36061
35762
35398
35169
34923
34682
34410
34212
33929
33755
33541
33329
33076
32910
32648
32495
32288
32062
31767
31523
31146
30847
30425
29927
29284
28610
27854
26579
25791
18862
25500
49178
58685
64794
66451
67547
67976
67744
67288
66439
65719
64904
64099
63206
62537
61628
60945
60183
59444
58622
58027
57238
56623
55924
55225
54406
53977
53268
52792
52228
51687
51077
50674
50077
49658
49134
48622
47991
47607
46993
46589
46084
45563
44963
44577
44001
43620
43153
42713
42203
41836
41318
40950
40363
40053
39636
39273
38766
38489
37911
37700
37401
37076
36742
36464
36153
35859
35572
35274
34985
34727
34423
34190
33954
33731
33495
33325
33086
32929
32742
32564
32362
32211
32003
31841
31592
31459
31249
31052
30767
30512
30135
29822
29290
28860
28222
27659
26860
25929
26253
25500
50759
55872
60280
61536
62388
62485
61917
61601
60625
59984
58980
58580
57683
57317
56331
55957
55357
54732
54025
53448
52726
52226
51645
51019
50373
49994
49370
48880
48342
47914
47526
46840
46590
45960
45633
45016
44725
44170
43894
43344
43026
42416
42134
41579
41320
40771
40533
40215
39859
39445
39114
38707
38376
38019
37722
37341
37055
36655
36317
35930
35703
35435
35164
34920
34686
34437
34179
33917
33686
33447
33236
33021
32818
32609
32448
32264
32115
31907
31792
31653
31513
31363
31216
31042
30906
30733
30590
30365
30200
29891
29635
29227
28909
28579
28207
27883
26871
26663
25500
25500
54061
55096
56557
57130
57508
57502
56790
56636
55695
55006
54127
53659
53029
52586
52020
51483
50753
50342
49627
49219
48671
48192
47652
47179
46688
46307
45791
45220
44757
44435
44073
43744
43326
42990
42518
42196
41772
41490
41110
40577
40359
39767
39603
39287
38922
38592
38170
37818
37608
37336
36845
36371
36272
36030
35718
35578
35239
34962
34536
34297
34066
33910
33698
33492
33300
33094
32859
32650
32445
32273
32087
31923
31673
31599
31374
31323
31124
31078
30969
30872
30770
30544
30514
30380
30246
30109
29925
29679
29604
29408
29037
28775
28410
28315
28083
28039
27625
28620
25500
25500
46105
50673
52634
53086
53151
52905
52578
51804
51347
50454
50024
49224
48706
48278
47914
47326
46858
46381
46038
45397
45116
44447
44036
43618
43300
42883
42530
42047
41710
41525
41239
40853
40367
40071
39699
39343
39013
38841
38662
38301
38011
37659
37307
37064
36691
36400
36144
35810
35607
35420
35166
34913
34520
34393
34045
33864
33766
33457
33147
32933
32815
32634
32393
32249
32074
31902
31740
31554
31380
31257
31110
30967
30866
30720
30562
30513
30416
30343
30251
30152
30111
29992
29938
29769
29730
29591
29452
29357
29162
28826
28737
28389
28241
28234
28189
29479
27438
27560
21098
25500
33236
48303
49258
49389
49182
48891
48397
47958
47414
46968
46362
45905
45492
44865
44568
43949
43471
43315
42776
42467
42118
41769
41196
40863
40492
40142
39950
39577
39287
39004
38703
38435
38049
37858
37476
37326
36908
36632
36431
36232
35928
35742
35387
35205
34991
34709
34502
34197
33990
33794
33616
33437
33170
33004
32777
32688
32450
32274
32030
31901
31668
31578
31281
31204
31067
30926
30799
30659
30518
30403
30214
30129
30043
29956
29845
29807
29717
29662
29621
29561
29516
29473
29375
29316
29220
29167
28978
28927
28679
28653
28280
28198
27987
27873
28699
27557
30727
35924
21212
25500
45181
45264
45909
45871
45521
45305
44826
44550
43901
43701
42931
42843
42200
42079
41366
41290
40670
40307
40034
39801
39421
39135
38728
38476
38145
37856
37566
37234
37022
36784
36538
36238
35994
35764
35540
35356
35085
34812
34617
34475
34228
34082
33793
33659
33420
33292
33080
32912
32706
32524
32371
32096
32031
31796
31694
31465
31309
31131
31023
30852
30711
30573
30419
30254
30183
30119
29962
29843
29736
29659
29546
29474
29400
29325
29257
29216
29157
29112
29090
29046
29022
28995
28931
28876
28811
28732
28614
28480
28355
28204
28040
28018
27799
27812
28001
29651
28445
35697
23706
25500
42449
41818
42943
42895
42741
42316
41909
41634
41028
40874
40526
40116
39584
39372
38915
38723
38423
38069
37673
37548
37199
37016
36783
36472
36221
35934
35662
35433
35225
34976
34771
34592
34382
34185
34024
33799
33633
33405
33220
32994
32847
32646
32420
32323
32100
31999
31851
31661
31487
31390
31206
31100
30999
30826
30742
30572
30460
30290
30198
30021
29945
29792
29723
29549
29492
29371
29295
29196
29139
29049
28966
28898
28804
28746
28713
28674
28640
28613
28597
28575
28557
28536
28493
28470
28394
28392
28249
28227
28032
28133
27761
27902
27508
27602
27645
27332
28386
30036
25500
25500
39920
39920
40397
40241
40013
39664
39486
39117
38739
38307
38157
37734
37518
37136
36888
36562
36330
36142
35798
35645
35351
35169
34888
34673
34415
34259
33969
33755
33560
33366
33213
33062
32859
32728
32543
32400
32199
32095
31845
31737
31597
31471
31279
31192
30990
30910
30749
30591
30445
30344
30234
30175
30052
29944
29843
29740
29643
29529
29400
29278
29186
29079
28992
28908
28816
28748
28673
28609
28542
28489
28424
28373
28314
28271
28227
28202
28177
28160
28147
28134
28123
28110
28093
28072
28038
28009
27937
27887
27798
27719
27602
27503
27379
27267
26971
27039
26428
27221
26577
25500
22631
37663
37973
37884
37628
37341
37039
36922
36557
36178
36058
35689
35520
35294
35043
34804
34611
34346
34179
33976
33755
33520
33357
33089
32957
32771
32587
32316
32204
31988
31889
31754
31605
31419
31334
31156
31085
30948
30818
30667
30479
30401
30256
30133
30004
29906
29781
29697
29593
29536
29389
29335
29261
29162
29047
28999
28870
28813
28694
28604
28529
28461
28363
28329
28222
28168
28105
28073
28030
27978
27931
27889
27842
27806
27777
27731
27741
27712
27719
27711
27703
27691
27682
27680
27641
27618
27566
27534
27450
27420
27285
27230
27100
27146
26892
27099
26889
27413
29669
25500
34254
34898
35957
35901
35599
35522
35182
35049
34621
34515
34172
34018
33740
33633
33300
33259
32935
32878
32631
32531
32247
32182
31888
31728
31558
31450
31240
31085
30912
30791
30666
30579
30416
30313
30202
30125
30015
29888
29775
29654
29555
29476
29369
29255
29170
29079
28984
28918
28831
28741
28679
28592
28535
28469
28389
28312
28235
28155
28091
28034
27956
27904
27833
27780
27720
27683
27633
27595
27551
27535
27465
27445
27400
27383
27355
27339
27330
27325
27316
27311
27298
27296
27269
27264
27225
27220
27135
27119
27016
26983
26888
26856
26697
26690
26447
27091
26488
28707
25500
25500
33390
33390
34052
34121
33934
33731
33520
33385
33111
32931
32704
32524
32312
32176
32029
31864
31639
31462
31368
31214
31096
30907
30792
30620
30493
30370
30253
30090
29923
29840
29687
29629
29573
29461
29362
29265
29158
29094
29004
28903
28763
28714
28610
28560
28489
28416
28290
28274
28163
28107
28049
27988
27934
27882
27821
27800
27702
27675
27578
27555
27504
27456
27403
27354
27314
27264
27226
27193
27161
27125
27089
27060
27029
27008
26986
26970
26957
26949
26942
26933
26929
26915
26909
26896
26869
26836
26806
26763
26704
26655
26572
26501
26400
26189
26145
26021
25762
26093
25500
25500
31373
31462
32552
32628
32495
32328
32019
31956
31655
31610
31423
31274
30968
30955
30786
30681
30500
30397
30197
30160
29984
29945
29808
29711
29529
29479
29323
29255
29110
28989
28914
28853
28749
28684
28583
28518
28430
28369
28261
28220
28096
28046
27977
27920
27845
27802
27734
27671
27625
27562
27517
27478
27422
27361
27338
27286
27247
27187
27141
27092
27059
27013
26985
26930
26908
26854
26832
26795
26769
26729
26713
26680
26667
26645
26628
26610
26598
26594
26584
26582
26572
26567
26545
26535
26506
26494
26426
26411
26311
26304
26177
26148
25900
25829
25681
25358
25080
24989
20565
25500
29914
30659
31303
31298
31193
30997
30857
30757
30539
30410
30268
30125
29963
29866
29772
29602
29514
29372
29244
29186
29065
29002
28897
28782
28729
28612
28541
28430
28335
28229
28176
28066
28041
27978
27910
27823
27786
27709
27656
27605
27529
27473
27416
27363
27312
27270
27195
27171
27107
27089
27043
27001
26960
26924
26877
26861
26824
26784
26738
26701
26667
26635
26587
26565
26533
26501
26473
26445
26403
26393
26371
26349
26332
26314
26294
26284
26271
26262
26255
26245
26241
26225
26220
26202
26185
26159
26121
26080
26022
25962
25891
25813
25675
25361
25284
24998
24472
26680
25500
25500
28628
29707
30160
30121
30060
29948
29817
29685
29533
29415
29278
29171
29014
28960
28860
28740
28621
28543
28439
28378
28276
28216
28125
28052
27962
27899
27818
27750
27679
27612
27548
27452
27394
27351
27297
27228
27184
27139
27075
27048
26989
26940
26893
26858
26805
26773
26736
26711
26680
26648
26610
26556
26541
26517
26488
26459
26429
26391
26363
26331
26300
26275
26247
26200
26184
26150
26136
26098
26084
26054
26042
26020
26007
25989
25973
25965
25955
25945
25933
25934
25927
25916
25903
25884
25872
25853
25821
25792
25749
25714
25629
25562
25448
25305
25227
25129
24522
24638
21322
25500
27113
28866
29203
29148
29043
28916
28827
28751
28595
28533
28392
28349
28209
28151
28032
27989
27860
27826
27719
27676
27580
27540
27447
27413
27318
27276
27191
27157
27091
27009
26987
26946
26890
26845
26788
26745
26689
26670
26606
26584
26545
26512
26462
26441
26393
26371
26330
26304
26271
26253
26202
26195
26170
26153
26132
26105
26080
26051
26026
25995
25969
25949
25927
25899
25875
25851
25830
25809
25789
25768
25748
25727
25721
25699
25692
25680
25670
25656
25651
25637
25635
25624
25612
25590
25583
25552
25541
25513
25491
25435
25414
25321
25283
25218
25171
25178
24996
26004
25500
25500
26706
27803
28302
28290
28186
28154
28008
27949
27801
27773
27639
27602
27498
27448
27366
27308
27225
27140
27069
27042
27007
26925
26851
26817
26752
26724
26677
26612
26579
26535
26484
26457
26428
26392
26346
26313
26258
26245
26213
26179
26144
26110
26063
26055
26017
25994
25962
25943
25915
25901
25869
25856
25834
25819
25796
25777
25749
25734
25708
25684
25667
25647
25628
25606
25586
25563
25547
25528
25509
25489
25474
25458
25443
25433
25418
25406
25394
25388
25376
25370
25356
25347
25331
25322
25302
25294
25266
25258
25232
25212
25178
25165
25114
25113
25142
25119
25337
25469
25500
25500
26908
27009
27437
27493
27442
27397
27314
27236
27144
27072
26954
26933
26833
26814
26756
26690
26628
26596
26547
26488
26463
26435
26382
26340
26302
26255
26212
26179
26131
26100
26044
26036
26012
25978
25943
25918
25887
25862
25827
25813
25788
25760
25730
25710
25686
25668
25645
25620
25604
25580
25570
25555
25536
25513
25502
25478
25467
25449
25429
25404
25390
25369
25356
25339
25320
25293
25285
25263
25254
25236
25220
25196
25192
25178
25167
25154
25143
25130
25124
25109
25103
25090
25080
25063
25054
25038
25024
25009
24999
24982
24964
24970
24935
24927
24935
24979
25289
25458
25500
25500
26583
26499
26816
26823
26776
26731
26657
26600
26491
26460
26388
26352
26285
26261
26213
26187
26144
26100
26053
25999
25975
25955
25929
25872
25852
25827
25778
25751
25714
25693
25666
25645
25616
25601
25578
25558
25536
25516
25501
25481
25458
25438
25415
25396
25378
25366
25347
25333
25307
25300
25275
25273
25258
25243
25222
25215
25192
25185
25169
25152
25133
25122
25101
25093
25074
25057
25037
25027
25004
25001
24982
24967
24949
24939
24922
24914
24896
24889
24880
24868
24856
24848
24831
24826
24809
24799
24781
24773
24759
24757
24744
24744
24727
24737
24692
24490
24783
24662
20382
25500
25896
26021
26212
26203
26162
26109
26060
26005
25950
25904
25873
25832
25792
25759
25724
25708
25676
25638
25604
25574
25545
25525
25499
25475
25456
25428
25398
25369
25346
25333
25308
25297
25285
25266
25244
25232
25212
25201
25188
25175
25156
25139
25117
25105
25095
25084
25062
25056
25035
25027
25013
25008
24992
24984
24970
24963
24948
24937
24920
24911
24902
24881
24874
24862
24849
24830
24819
24800
24791
24778
24764
24736
24732
24719
24704
24693
24680
24669
24659
24647
24636
24624
24610
24598
24583
24571
24557
24547
24536
24528
24523
24521
24524
24462
24470
24454
24425
23678
25500
25500
25336
25500
25647
25630
25596
25565
25506
25485
25446
25408
25384
25353
25312
25302
25266
25260
25234
25212
25184
25169
25143
25128
25106
25093
25077
25063
25046
25032
25012
24998
24985
24973
24962
24944
24937
24921
24910
24900
24887
24879
24872
24854
24848
24833
24826
24820
24813
24801
24785
24780
24765
24762
24751
24745
24734
24730
24716
24710
24696
24690
24674
24670
24656
24650
24634
24625
24608
24587
24578
24565
24556
24533
24519
24505
24493
24481
24462
24454
24443
24432
24414
24407
24388
24375
24363
24349
24329
24324
24306
24300
24296
24292
24306
24315
24346
24278
24336
24825
25500
25500
24703
25067
25112
25106
25070
25055
25006
24984
24951
24933
24912
24894
24873
24857
24844
24835
24817
24808
24787
24779
24762
24754
24743
24732
24725
24712
24707
24693
24685
24675
24668
24660
24654
24646
24640
24632
24625
24619
24615
24607
24603
24595
24587
24580
24578
24571
24566
24559
24552
24546
24540
24531
24529
24522
24519
24514
24508
24496
24488
24482
24475
24463
24454
24442
24432
24422
24412
24396
24382
24376
24362
24350
24335
24325
24301
24293
24277
24266
24254
24244
24226
24211
24196
24173
24163
24156
24136
24114
24104
24082
24077
24059
24046
24017
24026
24106
24141
24444
27677
25500
23708
24209
24608
24605
24578
24569
24539
24532
24508
24500
24483
24477
24460
24456
24444
24441
24430
24421
24414
24409
24403
24397
24392
24387
24384
24380
24373
24374
24369
24368
24363
24364
24360
24359
24357
24355
24353
24351
24351
24349
24347
24343
24341
24340
24338
24336
24334
24331
24328
24326
24323
24320
24318
24314
24312
24307
24305
24301
24296
24290
24285
24278
24271
24263
24255
24245
24235
24219
24210
24203
24189
24178
24165
24146
24138
24123
24110
24096
24090
24068
24063
24038
24028
24001
23994
23976
23961
23935
23921
23899
23884
23859
23826
23759
23742
23654
23469
22208
18372
25500
22913
23459
24128
24126
24111
24106
24092
24087
24076
24072
24066
24058
24057
24056
24055
24054
24054
24052
24051
24051
24053
24051
24054
24053
24054
24055
24061
24059
24065
24068
24068
24073
24076
24079
24081
24084
24086
24089
24094
24096
24098
24101
24101
24104
24105
24109
24110
24112
24111
24112
24112
24114
24114
24114
24114
24113
24112
24110
24108
24105
24100
24098
24091
24088
24081
24075
24064
24059
24045
24041
24027
24017
24003
23997
23978
23970
23955
23945
23925
23910
23896
23889
23869
23853
23834
23816
23796
23778
23755
23723
23713
23666
23642
23603
23599
23409
24123
23667
18326
25500
24772
23555
23661
23662
23657
23654
23654
23650
23653
23650
23657
23653
23664
23665
23674
23674
23683
23685
23693
23696
23706
23706
23717
23722
23730
23734
23745
23748
23760
23765
23774
23780
23788
23796
23801
23808
23817
23822
23835
23840
23849
23856
23865
23867
23876
23878
23889
23890
23896
23900
23904
23910
23916
23918
23920
23924
23925
23927
23929
23927
23928
23926
23925
23923
23920
23915
23909
23904
23895
23891
23880
23870
23863
23853
23841
23827
23819
23806
23792
23778
23759
23747
23734
23713
23697
23668
23657
23624
23612
23591
23571
23542
23517
23487
23524
23577
23812
24316
20209
25500
23369
23243
23203
23203
23205
23211
23217
23220
23230
23234
23248
23252
23270
23273
23294
23295
23303
23314
23331
23335
23347
23358
23371
23386
23405
23414
23431
23438
23446
23458
23481
23485
23502
23505
23520
23529
23549
23552
23572
23577
23597
23607
23624
23626
23634
23646
23657
23669
23680
23686
23694
23703
23717
23720
23729
23732
23739
23745
23755
23755
23759
23761
23762
23762
23763
23761
23758
23757
23753
23749
23743
23736
23728
23719
23711
23693
23690
23676
23667
23651
23636
23621
23600
23597
23577
23545
23538
23501
23492
23474
23453
23429
23420
23409
23414
23497
23639
24000
20087
25500
22998
22946
22748
22747
22757
22756
22770
22783
22797
22809
22825
22843
22856
22874
22898
22907
22930
22933
22948
22962
22985
22996
23025
23037
23048
23080
23100
23114
23142
23144
23169
23181
23205
23211
23222
23243
23258
23274
23290
23311
23325
23355
23362
23379
23391
23409
23430
23443
23459
23467
23480
23494
23507
23519
23531
23542
23552
23563
23577
23581
23590
23596
23603
23605
23611
23612
23614
23615
23614
23612
23610
23605
23599
23594
23586
23579
23571
23565
23555
23546
23535
23524
23512
23493
23477
23455
23439
23411
23400
23378
23357
23337
23325
23303
23326
23295
23675
23909
25500
25500
22501
22501
22327
22282
22297
22306
22324
22331
22364
22372
22409
22417
22453
22459
22483
22503
22525
22536
22565
22578
22599
22619
22652
22667
22705
22723
22755
22775
22812
22820
22847
22864
22881
22900
22925
22941
22981
22989
23009
23030
23059
23082
23114
23119
23137
23157
23184
23202
23235
23238
23254
23275
23293
23312
23344
23346
23359
23375
23390
23405
23415
23427
23436
23448
23454
23467
23467
23474
23478
23481
23481
23481
23478
23476
23473
23468
23465
23460
23456
23449
23442
23431
23422
23406
23392
23376
23362
23342
23329
23307
23292
23266
23241
23187
23119
23047
22759
24149
19324
25500
22368
22055
21814
21805
21824
21824
21857
21881
21907
21919
21967
21992
22014
22018
22072
22081
22120
22122
22156
22164
22199
22223
22264
22277
22326
22336
22408
22396
22465
22468
22491
22518
22544
22570
22621
22627
22659
22684
22712
22736
22761
22792
22817
22842
22863
22894
22917
22947
22963
22987
23013
23040
23083
23092
23118
23150
23157
23176
23200
23218
23238
23252
23266
23280
23296
23312
23322
23334
23341
23347
23355
23359
23363
23363
23363
23363
23362
23363
23360
23359
23354
23349
23340
23332
23320
23309
23300
23284
23271
23251
23243
23228
23204
23131
23061
22773
22752
22129
19140
25500
22076
21753
21308
21305
21330
21345
21367
21382
21428
21427
21484
21494
21544
21560
21613
21615
21668
21673
21719
21734
21791
21798
21864
21865
21930
21940
22012
22011
22073
22077
22128
22146
22195
22206
22266
22275
22336
22350
22403
22407
22461
22469
22521
22535
22584
22593
22648
22675
22696
22736
22770
22783
22824
22858
22885
22914
22932
22966
22992
23020
23041
23066
23082
23110
23128
23155
23166
23186
23196
23215
23220
23239
23241
23248
23254
23259
23262
23268
23270
23274
23273
23271
23268
23263
23259
23252
23248
23244
23238
23234
23227
23230
23234
23221
23173
23201
23033
23174
25500
25500
21261
21032
20833
20773
20801
20814
20833
20888
20916
20944
20988
21014
21064
21096
21134
21144
21175
21206
21240
21295
21338
21348
21405
21420
21488
21493
21582
21579
21654
21669
21729
21778
21782
21818
21873
21896
21967
21976
22017
22070
22102
22127
22169
22205
22238
22270
22308
22345
22378
22414
22485
22500
22568
22587
22623
22667
22711
22744
22779
22794
22820
22864
22880
22936
22946
22973
22996
23033
23041
23069
23078
23107
23111
23125
23138
23150
23161
23171
23179
23187
23194
23197
23200
23202
23202
23203
23204
23213
23211
23218
23236
23293
23297
23364
23383
23468
23365
23851
25500
25500
20486
20532
20226
20219
20233
20263
20286
20326
20361
20400
20445
20478
20539
20563
20604
20637
20672
20708
20759
20783
20825
20863
20928
20945
20991
21027
21079
21121
21193
21215
21298
21310
21382
21395
21447
21492
21544
21579
21632
21668
21707
21756
21808
21859
21894
21933
21979
22018
22034
22098
22140
22202
22241
22299
22331
22379
22411
22480
22520
22558
22582
22642
22675
22721
22753
22784
22806
22852
22880
22903
22920
22946
22962
22996
23006
23036
23046
23068
23080
23098
23107
23121
23127
23137
23139
23149
23151
23169
23171
23199
23217
23277
23291
23366
23444
23663
23695
22604
25500
25500
19945
19985
19652
19638
19672
19679
19732
19758
19827
19842
19908
19926
19989
20013
20077
20101
20164
20193
20214
20259
20295
20349
20383
20439
20480
20528
20577
20635
20685
20746
20799
20850
20892
20948
20990
21047
21115
21148
21238
21245
21290
21348
21408
21439
21508
21520
21561
21610
21663
21711
21773
21818
21880
21931
21993
22049
22090
22140
22213
22247
22302
22342
22408
22437
22515
22534
22590
22615
22677
22685
22737
22762
22805
22830
22870
22890
22922
22944
22964
22984
23006
23036
23038
23059
23062
23085
23086
23118
23117
23150
23164
23238
23254
23322
23377
23470
23572
23580
19796
25500
19450
19382
19051
19019
19045
19066
19107
19158
19209
19247
19295
19359
19391
19439
19484
19527
19567
19614
19650
19693
19740
19788
19837
19897
19924
19974
20036
20093
20168
20218
20289
20338
20383
20441
20513
20553
20618
20661
20715
20770
20820
20877
20927
20979
21029
21082
21131
21178
21238
21293
21358
21423
21490
21544
21613
21681
21722
21789
21845
21908
21952
22028
22088
22173
22241
22302
22359
22372
22436
22478
22514
22586
22607
22683
22706
22749
22770
22816
22831
22878
22888
22923
22937
22966
22971
22988
23005
23023
23043
23060
23106
23152
23207
23253
23411
23476
23989
23094
25500
25500
18755
18735
18423
18354
18374
18405
18449
18508
18559
18618
18651
18710
18745
18809
18851
18899
18961
18995
19025
19085
19111
19166
19209
19263
19312
19372
19421
19500
19565
19621
19717
19744
19846
19873
19989
20001
20092
20107
20191
20223
20306
20335
20425
20447
20545
20572
20675
20705
20753
20822
20884
20968
21037
21112
21176
21242
21298
21363
21433
21508
21564
21628
21711
21841
21867
21969
22002
22114
22150
22238
22247
22357
22383
22476
22498
22562
22578
22660
22660
22703
22747
22775
22808
22845
22855
22876
22897
22921
22932
22957
22972
23007
23049
23102
23181
23307
23363
23591
25500
25500
18595
18646
17755
17692
17681
17707
17766
17812
17880
17914
17970
18004
18067
18104
18166
18202
18288
18308
18374
18407
18468
18492
18575
18605
18678
18718
18807
18850
18956
18992
19088
19121
19189
19254
19358
19396
19476
19511
19566
19630
19707
19760
19837
19894
19951
20022
20097
20157
20249
20304
20402
20462
20572
20620
20701
20766
20831
20961
21032
21105
21123
21265
21294
21438
21449
21573
21621
21722
21806
21918
21944
22092
22095
22186
22243
22298
22353
22431
22466
22533
22565
22624
22653
22706
22721
22746
22772
22787
22812
22817
22845
22848
22902
22951
22933
23004
22079
21864
25500
25500
17802
17871
17033
16932
16946
16967
17019
17074
17140
17189
17247
17283
17336
17384
17444
17492
17553
17607
17650
17709
17746
17798
17875
17907
17956
18022
18091
18163
18222
18308
18361
18449
18498
18578
18701
18729
18830
18855
18944
18968
19046
19116
19197
19268
19352
19386
19508
19557
19667
19704
19822
19878
20021
20074
20182
20252
20310
20338
20500
20522
20663
20711
20834
20866
20984
21074
21172
21276
21374
21468
21558
21660
21812
21842
21928
22001
22078
22158
22237
22337
22368
22443
22490
22548
22575
22603
22621
22644
22661
22667
22683
22674
22679
22727
22741
22738
22628
23087
19937
25500
17559
16846
16306
16220
16154
16169
16218
16261
16333
16413
16451
16504
16563
16618
16635
16726
16751
16832
16871
16951
16986
17035
17092
17148
17212
17264
17380
17389
17521
17525
17671
17682
17793
17818
17904
17973
18050
18105
18172
18228
18316
18378
18518
18546
18605
18695
18766
18877
18921
19022
19093
19192
19297
19389
19480
19575
19645
19718
19867
19914
20089
20119
20206
20317
20414
20537
20650
20761
20885
21010
21107
21294
21353
21503
21550
21699
21762
21906
21983
22077
22092
22229
22247
22349
22370
22438
22454
22464
22493
22511
22496
22494
22503
22507
22603
22779
22479
23469
25500
25500
16479
16220
15434
15367
15321
15322
15362
15460
15496
15570
15582
15691
15689
15754
15835
15858
15922
15973
16056
16099
16144
16196
16256
16327
16381
16453
16507
16579
16650
16726
16786
16879
16982
17005
17114
17167
17277
17311
17400
17439
17526
17600
17719
17784
17843
17979
17999
18098
18183
18291
18361
18471
18561
18658
18766
18885
18939
19041
19122
19242
19338
19445
19555
19736
19911
19990
20117
20285
20420
20534
20683
20785
20895
21100
21165
21331
21380
21530
21610
21758
21770
21945
21966
22090
22132
22222
22238
22290
22313
22319
22328
22295
22288
22314
22354
22605
23053
21600
25500
25500
15449
15339
14631
14555
14445
14451
14497
14559
14632
14676
14738
14764
14833
14872
14911
14999
15041
15106
15152
15253
15263
15314
15393
15429
15493
15555
15656
15694
15789
15840
15947
15989
16091
16125
16238
16285
16397
16428
16499
16569
16633
16736
16809
16949
17000
17092
17173
17292
17309
17477
17516
17656
17724
17896
17923
18113
18151
18276
18345
18522
18564
18752
18798
18999
19081
19345
19361
19640
19681
19939
20047
20117
20270
20401
20557
20746
20822
20971
21075
21303
21332
21464
21592
21716
21814
21980
21986
22058
22104
22130
22136
22137
22105
22070
22144
22264
22291
22956
19801
25500
14556
14633
13827
13696
13512
13519
13563
13585
13684
13693
13788
13799
13893
13936
13986
14040
14080
14166
14178
14274
14326
14391
14444
14526
14580
14637
14708
14776
14836
14910
14997
15055
15145
15188
15324
15344
15443
15478
15593
15620
15763
15777
15899
15943
16073
16136
16218
16329
16380
16463
16570
16740
16817
16945
17061
17188
17290
17403
17497
17628
17768
17871
18038
18182
18318
18409
18589
18720
18949
19052
19265
19372
19553
19688
19890
20003
20211
20338
20514
20678
20823
21082
21216
21380
21526
21640
21700
21827
21902
21935
21955
21955
21927
21954
21924
22037
22161
22407
20014
25500
14087
14087
13188
12783
12612
12567
12587
12626
12677
12735
12790
12837
12892
12944
12990
13038
13083
13136
13237
13254
13334
13353
13413
13475
13586
13612
13714
13745
13840
13899
13993
14040
14105
14185
14262
14340
14428
14471
14536
14645
14698
14816
14858
14966
15020
15118
15181
15320
15356
15475
15547
15688
15767
15907
15980
16140
16218
16348
16498
16608
16748
16881
17001
17167
17320
17489
17627
17854
18027
18280
18372
18641
18709
18915
19127
19334
19503
19733
19865
20062
20257
20472
20651
20892
20995
21141
21313
21455
21571
21675
21740
21761
21769
21797
21922
22029
21905
21794
20971
25500
13993
13473
11980
11775
11592
11575
11592
11609
11669
11706
11790
11801
11885
11898
11979
11993
12047
12096
12152
12203
12257
12300
12350
12395
12471
12535
12619
12685
12744
12848
12898
13025
13040
13142
13185
13307
13332
13445
13473
13581
13618
13774
13797
13940
13960
14090
14113
14201
14292
14363
14492
14632
14694
14783
14906
15070
15134
15232
15360
15508
15644
15835
15937
16088
16239
16388
16582
16777
16973
17152
17332
17508
17725
17932
18146
18337
18570
18937
19061
19279
19455
19703
19900
20212
20511
20581
20758
20984
21105
21301
21475
21551
21605
21712
21789
21969
22354
22289
25500
25500
12810
12810
10969
10895
10582
10553
10538
10555
10617
10642
10719
10731
10776
10821
10893
10907
10986
11034
11085
11109
11185
11200
11274
11288
11367
11405
11521
11547
11613
11733
11802
11839
11920
12003
12051
12161
12199
12266
12324
12416
12459
12593
12634
12728
12789
12896
12959
13084
13146
13226
13361
13446
13481
13657
13687
13861
13952
14099
14184
14387
14545
14679
14812
15016
15162
15310
15495
15673
15858
16086
16280
16482
16681
16895
17080
17385
17603
17725
17996
18343
18455
18788
19000
19427
19602
19879
20201
20372
20530
20746
21026
21249
21432
21585
21718
21710
21392
21039
25500
25500
15580
11919
10471
9823
9626
9504
9466
9473
9500
9536
9580
9617
9660
9701
9738
9769
9810
9860
9914
9963
10005
10045
10087
10130
10181
10251
10308
10372
10431
10511
10583
10664
10733
10795
10860
10929
10999
11060
11120
11174
11241
11325
11406
11469
11543
11618
11702
11789
11851
11932
12025
12106
12217
12311
12408
12521
12628
12723
12853
12996
13124
13290
13434
13603
13764
13925
14086
14286
14466
14661
14874
15075
15280
15513
15709
15950
16206
16462
16709
16950
17220
17481
17834
18098
18485
18790
19150
19481
19675
19992
20293
20626
20915
21211
21457
21707
21944
22453
25500
25500
14974
11083
9517
8892
8601
8443
8374
8362
8379
8404
8438
8469
8510
8539
8583
8606
8646
8689
8738
8774
8820
8851
8896
8937
8994
9043
9112
9157
9218
9289
9358
9413
9479
9535
9595
9656
9719
9776
9833
9893
9954
10022
10102
10160
10226
10293
10375
10446
10527
10596
10680
10771
10867
10959
11058
11150
11242
11343
11457
11587
11729
11848
11991
12144
12300
12487
12655
12821
13008
13205
13414
13634
13842
14041
14268
14485
14754
14996
15239
15480
15738
16072
16361
16730
17038
17381
17782
18144
18585
18863
19323
19674
20164
20538
21076
21505
22003
22409
25500
25500
14198
10725
8869
7978
7589
7349
7254
7226
7230
7250
7272
7304
7328
7365
7392
7425
7460
7495
7532
7568
7604
7638
7681
7722
7769
7820
7872
7912
7969
8017
8080
8122
8177
8229
8286
8337
8393
8442
8503
8558
8617
8675
8736
8799
8867
8923
8990
9059
9125
9190
9266
9341
9429
9511
9592
9687
9776
9855
9971
10082
10199
10329
10447
10579
10725
10884
11031
11243
11388
11581
11774
11973
12118
12374
12535
12807
13024
13297
13499
13775
14045
14316
14652
14924
15316
15619
16026
16523
16933
17465
17862
18471
18986
19692
20269
20908
20862
21995
19601
25500
14067
10137
8334
7177
6494
6255
6104
6064
6059
6063
6086
6103
6131
6153
6185
6212
6247
6276
6308
6338
6368
6401
6437
6473
6516
6556
6600
6640
6680
6732
6771
6814
6854
6902
6951
6997
7039
7086
7131
7189
7239
7291
7347
7402
7457
7512
7563
7627
7684
7740
7806
7869
7938
8007
8082
8162
8228
8325
8397
8518
8610
8732
8827
8961
9067
9200
9350
9514
9677
9825
9990
10145
10310
10467
10711
10873
11144
11327
11609
11845
12138
12390
12655
12963
13291
13649
14035
14481
15003
15455
16073
16636
17414
18133
19140
19954
20708
21218
25500
25500
13716
9816
7240
6049
5470
5079
4937
4883
4869
4872
4884
4901
4920
4942
4965
4989
5017
5041
5068
5090
5117
5138
5170
5200
5235
5267
5304
5334
5374
5410
5448
5485
5517
5559
5598
5640
5671
5710
5742
5792
5835
5888
5925
5970
6012
6055
6097
6146
6194
6244
6294
6346
6403
6456
6517
6572
6645
6703
6804
6873
6983
7050
7164
7253
7367
7460
7587
7716
7839
7951
8085
8225
8357
8529
8686
8885
9046
9288
9491
9733
9977
10197
10466
10724
11075
11364
11773
12137
12634
13122
13744
14367
15103
16270
17213
18481
19451
19784
16566
25500
14283
9885
6448
5122
4422
3982
3776
3690
3671
3668
3676
3688
3703
3720
3738
3756
3774
3792
3814
3832
3850
3869
3890
3910
3937
3961
3988
4012
4042
4067
4101
4128
4160
4187
4222
4251
4283
4303
4337
4363
4407
4440
4477
4502
4536
4562
4598
4628
4668
4704
4744
4782
4827
4869
4910
4962
5009
5074
5130
5207
5261
5344
5404
5495
5565
5653
5733
5838
5926
6019
6102
6235
6343
6481
6618
6754
6907
7082
7269
7456
7632
7835
8043
8294
8542
8830
9130
9494
9890
10414
10946
11576
12521
13516
14998
16404
18597
19133
25500
25500
15344
10463
5779
3859
3178
2784
2557
2492
2460
2453
2458
2465
2476
2488
2500
2511
2523
2535
2549
2561
2575
2586
2600
2613
2629
2644
2664
2678
2698
2717
2737
2759
2779
2798
2821
2844
2862
2881
2898
2920
2942
2969
2988
3011
3029
3052
3074
3094
3121
3146
3173
3197
3228
3254
3291
3318
3363
3397
3442
3482
3535
3574
3632
3680
3731
3789
3849
3909
3981
4037
4105
4181
4274
4352
4463
4547
4658
4781
4922
5028
5178
5301
5479
5631
5831
6003
6254
6494
6856
7201
7744
8221
8942
10127
11412
13663
16678
20691
22875
25500
18318
12845
4555
2185
1697
1390
1297
1249
1234
1230
1231
1235
1241
1246
1252
1258
1264
1271
1276
1283
1288
1295
1302
1310
1316
1326
1333
1343
1350
1363
1371
1383
1391
1401
1412
1423
1433
1442
1452
1461
1471
1483
1494
1505
1515
1528
1540
1551
1561
1574
1588
1602
1616
1633
1647
1669
1687
1706
1726
1751
1776
1799
1824
1847
1878
1901
1935
1962
1998
2027
2065
2103
2145
2190
2237
2289
2348
2408
2475
2540
2605
2685
2768
2860
2955
3055
3174
3310
3487
3708
3940
4297
4687
5374
6393
8307
11921
20674
19443
25500
25500
21600
7
5
5
5
5
5
5
5
5
5
5
5
5
4
3
3
3
2
2
2
1
1
1
1
0
0
0
0
0
0
0
0
0
0
0
0
0
0
0
0
0
0
0
0
0
0
0
0
1
1
1
1
1
1
2
2
3
3
4
5
5
5
5
5
5
5
5
5
5
5
5
5
5
5
5
5
5
5
5
5
5
5
5
5
5
5
5
5
5
5
5
5
5
5
16
24800
25500
