P2
100 100
25500
25500
25500
25500
25500
25500
25500
25500
25500
25500
25500
25500
25500
25500
25500
25500
25500
25500
25500
25500
25500
25500
25500
25500
25500
25500
25500
25500
25500
25500
25500
25500
25500
25500
25500
25500
25500
25500
25500
25500
25500
25500
25500
25500
25500
25500
25500
25500
25500
25500
25500
25500
25500
25500
25500
25500
25500
25500
25500
25500
25500
25500
25500
25500
25500
25500
25500
25500
25500
25500
25500
25500
25500
25500
25500
25500
25500
25500
25500
25500
25500
25500
25500
25500
25500
25500
25500
25500
25500
25500
25500
25500
25500
25500
25500
25500
25500
25500
25500
25500
25500
25500
25496
25492
25488
25484
25480
25476
25472
25468
25464
25460
25457
25454
25451
25448
25445
25442
25439
25436
25433
25430
25427
25424
25421
25419
25417
25415
25413
25411
25409
25407
25405
25403
25401
25399
25397
25396
25395
25394
25393
25392
25391
25390
25389
25388
25388
25388
25388
25388
25388
25388
25388
25388
25388
25388
25388
25389
25390
25391
25392
25393
25394
25395
25396
25397
25398
25400
25402
25404
25406
25408
25410
25412
25414
25416
25418
25421
25424
25427
25430
25433
25436
25439
25442
25445
25448
25451
25454
25457
25460
25464
25468
25472
25476
25480
25484
25488
25492
25496
25500
25500
25492
25484
25476
25468
25460
25452
25444
25436
25428
25420
25414
25408
25402
25396
25390
25384
25378
25372
25366
25360
25354
25348
25342
25338
25334
25330
25326
25322
25318
25314
25310
25306
25302
25298
25295
25292
25290
25288
25286
25284
25282
25280
25278
25277
25276
25276
25276
25276
25276
25276
25276
25276
25276
25276
25276
25278
25280
25282
25284
25286
25288
25290
25292
25294
25297
25300
25304
25308
25312
25316
25320
25324
25328
25332
25337
25342
25348
25354
25360
25366
25372
25378
25384
25390
25396
25402
25408
25414
25420
25428
25436
25444
25452
25460
25468
25476
25484
25492
25500
25500
25488
25476
25464
25452
25440
25428
25416
25404
25392
25381
25371
25362
25353
25344
25335
25326
25317
25308
25299
25290
25281
25272
25264
25257
25251
25245
25239
25233
25227
25221
25215
25209
25203
25197
25193
25189
25185
25182
25179
25176
25173
25170
25168
25166
25164
25164
25164
25164
25164
25164
25164
25164
25164
25164
25165
25167
25170
25173
25176
25179
25182
25185
25188
25192
25196
25201
25206
25212
25218
25224
25230
25236
25242
25249
25256
25263
25272
25281
25290
25299
25308
25317
25326
25335
25344
25353
25362
25371
25381
25392
25404
25416
25428
25440
25452
25464
25476
25488
25500
25500
25484
25468
25452
25436
25420
25404
25388
25372
25357
25342
25329
25316
25304
25292
25280
25268
25256
25244
25232
25220
25208
25197
25186
25177
25168
25160
25152
25144
25136
25128
25120
25112
25104
25097
25091
25086
25081
25076
25072
25068
25064
25061
25058
25055
25053
25052
25052
25052
25052
25052
25052
25052
25052
25053
25054
25057
25060
25064
25068
25072
25076
25080
25085
25090
25095
25102
25109
25117
25125
25133
25141
25149
25157
25166
25175
25185
25196
25208
25220
25232
25244
25256
25268
25280
25292
25304
25316
25329
25342
25357
25372
25388
25404
25420
25436
25452
25468
25484
25500
25500
25480
25460
25440
25420
25400
25380
25360
25340
25322
25304
25287
25270
25255
25240
25225
25210
25195
25180
25165
25150
25135
25122
25109
25097
25085
25075
25065
25055
25045
25035
25025
25015
25006
24997
24990
24983
24977
24971
24966
24961
24956
24952
24948
24945
24942
24941
24940
24940
24940
24940
24940
24940
24940
24942
24944
24947
24951
24955
24960
24965
24970
24976
24982
24988
24995
25003
25012
25022
25032
25042
25052
25062
25072
25083
25095
25107
25121
25135
25150
25165
25180
25195
25210
25225
25240
25255
25270
25287
25304
25322
25340
25360
25380
25400
25420
25440
25460
25480
25500
25500
25476
25452
25428
25404
25380
25356
25332
25309
25287
25266
25245
25225
25206
25188
25170
25152
25134
25116
25098
25080
25063
25047
25031
25017
25003
24990
24978
24966
24954
24942
24930
24918
24908
24898
24889
24880
24873
24866
24860
24854
24848
24843
24838
24835
24832
24830
24828
24828
24828
24828
24828
24828
24829
24831
24834
24837
24842
24847
24852
24858
24865
24872
24879
24887
24895
24905
24915
24927
24939
24951
24963
24975
24987
25001
25015
25030
25046
25062
25080
25098
25116
25134
25152
25170
25188
25206
25225
25245
25266
25287
25309
25332
25356
25380
25404
25428
25452
25476
25500
25500
25472
25444
25416
25388
25360
25332
25305
25278
25253
25228
25204
25180
25158
25136
25115
25094
25073
25052
25031
25010
24991
24972
24954
24937
24921
24905
24891
24877
24863
24849
24835
24822
24810
24798
24788
24778
24769
24761
24754
24747
24740
24734
24729
24725
24721
24719
24717
24716
24716
24716
24716
24716
24718
24720
24724
24728
24733
24739
24745
24752
24760
24768
24776
24786
24796
24807
24819
24832
24846
24860
24874
24888
24903
24919
24935
24953
24971
24990
25010
25031
25052
25073
25094
25115
25136
25158
25180
25204
25228
25253
25278
25305
25332
25360
25388
25416
25444
25472
25500
25500
25468
25436
25404
25372
25340
25308
25278
25248
25219
25190
25163
25136
25110
25084
25060
25036
25012
24988
24964
24941
24919
24897
24877
24857
24839
24821
24804
24788
24772
24756
24740
24725
24712
24699
24687
24675
24665
24656
24648
24640
24632
24625
24619
24615
24611
24608
24605
24604
24604
24604
24604
24605
24607
24610
24614
24618
24624
24631
24638
24646
24655
24664
24674
24685
24696
24709
24722
24737
24753
24769
24785
24801
24818
24837
24856
24876
24896
24918
24940
24964
24988
25012
25036
25060
25084
25110
25136
25163
25190
25219
25248
25278
25308
25340
25372
25404
25436
25468
25500
25500
25464
25428
25392
25356
25320
25285
25251
25217
25185
25153
25122
25091
25062
25033
25005
24978
24951
24924
24898
24872
24847
24823
24800
24778
24757
24737
24717
24699
24681
24663
24645
24629
24614
24599
24586
24573
24561
24551
24542
24533
24524
24516
24510
24505
24500
24497
24494
24492
24492
24492
24492
24493
24496
24499
24504
24509
24515
24523
24531
24540
24550
24560
24571
24584
24597
24611
24626
24642
24660
24678
24696
24714
24734
24755
24776
24799
24822
24846
24871
24897
24924
24951
24978
25005
25033
25062
25091
25122
25153
25185
25217
25251
25285
25320
25356
25392
25428
25464
25500
25500
25460
25420
25380
25340
25300
25262
25224
25187
25151
25115
25081
25047
25014
24982
24951
24920
24890
24861
24832
24803
24775
24749
24723
24699
24675
24653
24631
24610
24590
24570
24551
24533
24516
24500
24485
24471
24458
24446
24436
24426
24416
24408
24401
24395
24390
24386
24383
24381
24380
24380
24380
24382
24385
24389
24394
24400
24407
24415
24424
24434
24445
24456
24469
24483
24497
24513
24530
24548
24567
24587
24607
24628
24650
24673
24697
24722
24747
24774
24802
24830
24860
24890
24920
24950
24981
25014
25047
25081
25115
25151
25187
25224
25261
25300
25340
25380
25420
25460
25500
25500
25456
25412
25368
25324
25281
25239
25197
25157
25117
25078
25040
25003
24966
24931
24897
24863
24830
24798
24766
24734
24704
24675
24647
24620
24594
24569
24544
24521
24499
24477
24456
24436
24417
24400
24384
24369
24355
24342
24330
24319
24309
24300
24292
24285
24279
24274
24271
24269
24268
24268
24269
24271
24274
24278
24283
24290
24298
24307
24317
24328
24340
24353
24367
24382
24398
24415
24433
24453
24474
24496
24518
24541
24566
24591
24617
24645
24673
24702
24733
24764
24796
24829
24862
24895
24930
24966
25002
25040
25078
25117
25156
25197
25238
25280
25324
25368
25412
25456
25500
25500
25452
25404
25356
25308
25261
25216
25171
25127
25083
25041
24999
24959
24919
24880
24843
24806
24770
24735
24700
24666
24633
24601
24570
24541
24512
24485
24458
24432
24408
24384
24361
24339
24319
24300
24282
24266
24251
24237
24224
24212
24201
24191
24182
24174
24167
24162
24159
24157
24156
24156
24157
24159
24162
24166
24172
24180
24189
24199
24210
24222
24235
24249
24264
24280
24298
24317
24337
24358
24381
24405
24429
24455
24482
24509
24538
24568
24599
24631
24664
24698
24732
24768
24804
24841
24879
24918
24958
24999
25040
25083
25126
25170
25215
25261
25308
25356
25404
25452
25500
25500
25448
25396
25344
25292
25242
25193
25144
25097
25050
25004
24959
24915
24872
24830
24789
24749
24710
24672
24634
24597
24562
24527
24494
24462
24431
24401
24372
24344
24317
24291
24266
24243
24221
24200
24180
24162
24146
24131
24117
24104
24092
24081
24071
24062
24055
24049
24046
24044
24043
24043
24044
24046
24049
24054
24060
24069
24079
24090
24102
24115
24129
24144
24160
24178
24197
24218
24240
24263
24288
24314
24341
24369
24398
24428
24459
24491
24525
24559
24595
24632
24669
24707
24746
24786
24828
24870
24913
24958
25003
25049
25095
25143
25192
25241
25292
25344
25396
25448
25500
25500
25444
25388
25332
25277
25223
25170
25118
25067
25016
24967
24918
24871
24824
24779
24735
24692
24650
24609
24568
24529
24491
24454
24418
24383
24349
24316
24285
24255
24226
24198
24171
24146
24122
24099
24077
24058
24040
24024
24009
23995
23982
23970
23959
23949
23942
23936
23932
23930
23929
23929
23930
23932
23936
23941
23948
23957
23968
23980
23993
24007
24022
24038
24055
24075
24096
24119
24143
24168
24195
24223
24252
24282
24313
24346
24380
24415
24451
24488
24526
24566
24606
24647
24689
24732
24777
24822
24869
24917
24965
25015
25065
25116
25169
25222
25276
25332
25388
25444
25500
25500
25440
25380
25320
25261
25204
25147
25091
25037
24983
24930
24878
24827
24777
24728
24681
24635
24590
24546
24503
24461
24420
24380
24341
24303
24266
24230
24197
24165
24134
24104
24075
24048
24022
23997
23974
23953
23933
23916
23900
23885
23871
23858
23846
23836
23828
23822
23818
23815
23814
23814
23815
23818
23822
23828
23835
23845
23856
23869
23883
23898
23914
23931
23950
23971
23994
24019
24045
24072
24101
24131
24162
24194
24227
24263
24300
24338
24377
24417
24458
24500
24543
24587
24632
24678
24726
24775
24825
24876
24928
24981
25035
25090
25146
25203
25261
25320
25380
25440
25500
25500
25436
25372
25308
25246
25185
25124
25065
25007
24949
24893
24837
24783
24730
24678
24627
24578
24530
24483
24437
24392
24348
24305
24263
24222
24182
24144
24108
24074
24041
24009
23978
23949
23921
23894
23870
23847
23826
23807
23790
23774
23759
23745
23732
23722
23714
23707
23703
23700
23698
23698
23700
23703
23707
23714
23722
23732
23743
23757
23772
23788
23805
23824
23844
23867
23891
23918
23946
23975
24006
24038
24071
24105
24141
24179
24219
24260
24302
24345
24389
24434
24480
24527
24575
24624
24675
24727
24781
24835
24891
24947
25005
25063
25123
25184
25245
25308
25372
25436
25500
25500
25432
25364
25297
25231
25166
25102
25039
24977
24916
24856
24797
24739
24682
24627
24573
24520
24469
24419
24370
24322
24275
24229
24184
24140
24098
24057
24019
23982
23947
23913
23880
23849
23819
23791
23765
23740
23718
23697
23679
23662
23646
23631
23618
23607
23599
23592
23587
23584
23582
23582
23584
23587
23592
23599
23607
23618
23630
23644
23660
23677
23695
23716
23738
23762
23788
23816
23846
23877
23910
23944
23979
24016
24054
24095
24137
24181
24226
24272
24319
24367
24416
24466
24517
24570
24624
24680
24737
24795
24854
24914
24975
25037
25100
25165
25230
25296
25364
25432
25500
25500
25428
25356
25285
25215
25146
25079
25012
24946
24882
24818
24756
24694
24634
24575
24518
24462
24407
24354
24302
24251
24201
24152
24104
24057
24013
23970
23929
23889
23852
23816
23781
23748
23716
23686
23659
23633
23609
23587
23567
23549
23532
23516
23503
23492
23483
23475
23470
23467
23465
23465
23467
23470
23475
23483
23492
23503
23515
23530
23547
23565
23585
23607
23630
23656
23683
23713
23745
23778
23813
23849
23886
23926
23967
24010
24054
24101
24149
24198
24248
24299
24351
24404
24459
24515
24573
24632
24692
24754
24816
24880
24945
25011
25078
25146
25215
25285
25356
25428
25500
25500
25424
25348
25273
25199
25127
25056
24985
24916
24848
24781
24715
24650
24586
24524
24463
24403
24344
24288
24233
24179
24126
24074
24023
23974
23927
23881
23838
23796
23756
23718
23681
23646
23612
23581
23552
23524
23499
23475
23454
23435
23417
23401
23387
23375
23366
23358
23352
23349
23347
23347
23349
23352
23358
23366
23375
23387
23400
23415
23433
23452
23473
23497
23522
23549
23578
23609
23643
23678
23715
23753
23793
23835
23878
23924
23971
24020
24071
24123
24176
24230
24285
24341
24400
24460
24521
24584
24648
24713
24779
24846
24915
24984
25055
25127
25199
25273
25348
25424
25500
25500
25420
25340
25261
25184
25108
25033
24959
24886
24814
24743
24673
24605
24538
24472
24407
24343
24281
24221
24163
24106
24050
23995
23941
23889
23840
23792
23746
23701
23659
23619
23580
23543
23508
23475
23444
23415
23388
23363
23340
23320
23301
23284
23270
23258
23248
23240
23234
23230
23228
23228
23230
23234
23240
23248
23258
23270
23284
23300
23318
23338
23361
23386
23412
23441
23472
23505
23540
23577
23616
23656
23698
23743
23789
23837
23886
23938
23992
24047
24103
24160
24218
24278
24340
24404
24469
24535
24603
24672
24742
24813
24885
24958
25032
25108
25184
25261
25340
25420
25500
25500
25416
25332
25250
25169
25089
25010
24932
24855
24779
24705
24632
24560
24489
24419
24350
24283
24217
24154
24092
24032
23973
23915
23858
23804
23752
23701
23653
23606
23561
23519
23478
23439
23402
23367
23334
23304
23276
23250
23226
23204
23184
23167
23152
23139
23128
23120
23114
23110
23108
23108
23110
23114
23120
23128
23139
23152
23167
23184
23203
23224
23248
23274
23302
23332
23364
23399
23436
23475
23516
23558
23603
23650
23698
23749
23801
23855
23912
23970
24029
24089
24151
24214
24280
24347
24416
24486
24557
24630
24704
24779
24855
24932
25010
25089
25169
25250
25332
25416
25500
25500
25412
25325
25239
25154
25070
24987
24905
24824
24745
24667
24590
24514
24439
24365
24292
24222
24153
24086
24020
23957
23895
23834
23775
23718
23663
23610
23559
23510
23463
23418
23375
23334
23295
23258
23224
23192
23162
23135
23110
23087
23066
23048
23032
23018
23007
22998
22992
22988
22986
22986
22988
22992
22998
23007
23018
23032
23048
23066
23086
23109
23134
23161
23190
23222
23256
23292
23331
23372
23415
23460
23507
23556
23607
23660
23715
23772
23831
23892
23954
24017
24083
24150
24219
24289
24362
24436
24511
24587
24665
24744
24824
24905
24987
25070
25154
25239
25325
25412
25500
25500
25408
25317
25227
25138
25050
24963
24877
24793
24710
24628
24547
24467
24388
24310
24234
24160
24087
24017
23948
23881
23816
23752
23690
23630
23572
23517
23463
23412
23363
23316
23271
23228
23187
23148
23112
23078
23047
23018
22992
22968
22946
22927
22910
22896
22884
22874
22868
22864
22862
22862
22864
22868
22874
22884
22896
22910
22927
22946
22968
22992
23018
23046
23077
23110
23146
23184
23225
23268
23313
23360
23409
23460
23514
23569
23627
23687
23749
23813
23878
23945
24014
24084
24157
24231
24307
24385
24464
24544
24625
24708
24792
24877
24963
25050
25138
25227
25317
25408
25500
25500
25404
25309
25215
25122
25030
24939
24849
24761
24674
24588
24503
24419
24336
24254
24174
24097
24021
23947
23874
23804
23736
23669
23604
23541
23481
23423
23367
23313
23261
23212
23165
23120
23077
23036
22998
22963
22930
22900
22873
22848
22825
22805
22787
22772
22759
22749
22742
22738
22736
22736
22738
22742
22749
22759
22772
22787
22805
22825
22848
22873
22900
22929
22962
22997
23034
23074
23117
23162
23209
23258
23310
23364
23420
23478
23538
23601
23666
23733
23801
23871
23944
24018
24094
24171
24251
24333
24416
24500
24585
24672
24760
24849
24939
25030
25122
25215
25309
25404
25500
25500
25399
25300
25202
25105
25009
24914
24820
24728
24637
24547
24458
24370
24283
24197
24114
24033
23953
23876
23800
23726
23655
23585
23517
23452
23389
23328
23269
23212
23158
23106
23057
23010
22965
22923
22883
22846
22812
22780
22752
22726
22702
22681
22662
22646
22633
22622
22615
22610
22608
22608
22610
22615
22622
22633
22646
22662
22681
22702
22726
22752
22780
22811
22845
22882
22921
22963
23007
23054
23103
23155
23209
23266
23325
23386
23449
23514
23582
23652
23723
23797
23873
23950
24030
24111
24194
24280
24367
24455
24544
24635
24727
24820
24914
25009
25105
25202
25300
25399
25500
25500
25395
25291
25189
25087
24987
24888
24790
24694
24599
24505
24412
24320
24229
24140
24053
23968
23885
23804
23725
23648
23573
23500
23429
23361
23295
23231
23169
23110
23053
22999
22948
22899
22852
22808
22766
22727
22692
22659
22629
22602
22577
22555
22535
22518
22505
22494
22486
22480
22478
22478
22480
22486
22494
22505
22518
22535
22555
22577
22602
22629
22658
22691
22726
22765
22806
22850
22896
22945
22996
23050
23107
23166
23228
23292
23358
23426
23497
23570
23645
23722
23801
23882
23965
24050
24137
24226
24317
24409
24502
24597
24693
24790
24888
24987
25087
25189
25291
25395
25500
25500
25391
25283
25176
25070
24965
24861
24759
24659
24560
24462
24365
24269
24174
24081
23990
23902
23815
23730
23648
23568
23490
23414
23340
23269
23200
23133
23068
23006
22947
22890
22837
22786
22737
22691
22647
22607
22570
22535
22504
22476
22450
22427
22406
22389
22375
22363
22355
22349
22346
22346
22349
22355
22363
22375
22389
22406
22427
22450
22476
22504
22535
22569
22606
22646
22689
22735
22783
22834
22887
22944
23003
23065
23129
23196
23265
23337
23411
23487
23565
23645
23727
23812
23899
23987
24078
24171
24266
24362
24459
24558
24658
24759
24861
24965
25070
25176
25283
25391
25500
25500
25386
25274
25162
25052
24943
24835
24728
24623
24520
24418
24317
24217
24118
24021
23927
23835
23744
23656
23570
23486
23405
23326
23249
23175
23103
23033
22965
22900
22839
22780
22724
22671
22620
22572
22527
22485
22446
22410
22377
22348
22321
22297
22276
22258
22243
22231
22222
22216
22213
22213
22216
22222
22231
22243
22258
22276
22297
22321
22348
22377
22410
22445
22484
22525
22570
22618
22668
22721
22777
22836
22897
22962
23029
23099
23171
23246
23323
23402
23483
23567
23653
23741
23832
23924
24018
24115
24214
24314
24415
24518
24622
24727
24834
24942
25052
25162
25274
25386
25500
25500
25382
25265
25149
25034
24920
24808
24697
24587
24479
24373
24268
24164
24061
23961
23863
23767
23673
23581
23491
23403
23318
23236
23156
23079
23004
22931
22860
22793
22729
22667
22609
22554
22501
22451
22404
22360
22320
22283
22249
22218
22190
22165
22143
22124
22108
22096
22087
22081
22078
22078
22081
22087
22096
22108
22124
22143
22165
22190
22218
22249
22283
22320
22360
22403
22449
22499
22551
22606
22664
22726
22790
22857
22927
23000
23075
23153
23233
23315
23400
23488
23578
23670
23764
23860
23958
24058
24161
24265
24370
24477
24586
24696
24807
24920
25034
25149
25265
25382
25500
25500
25377
25255
25135
25015
24897
24780
24665
24551
24438
24327
24218
24110
24004
23900
23798
23698
23600
23504
23410
23318
23230
23144
23061
22981
22903
22827
22754
22684
22617
22553
22492
22435
22380
22328
22279
22234
22192
22153
22118
22086
22057
22031
22008
21988
21971
21958
21949
21943
21940
21940
21943
21949
21958
21971
21988
22008
22031
22057
22086
22118
22153
22192
22234
22279
22327
22378
22432
22489
22550
22614
22680
22750
22823
22899
22977
23058
23141
23227
23315
23407
23501
23597
23695
23795
23897
24001
24107
24215
24324
24436
24549
24664
24780
24897
25015
25135
25255
25377
25500
25500
25372
25246
25121
24997
24874
24753
24633
24514
24396
24280
24167
24055
23945
23837
23731
23627
23525
23425
23327
23232
23140
23050
22964
22881
22800
22721
22645
22573
22503
22437
22374
22314
22257
22203
22152
22105
22061
22021
21984
21951
21921
21894
21870
21849
21831
21818
21808
21802
21799
21799
21802
21808
21818
21831
21849
21870
21894
21921
21951
21984
22020
22061
22105
22152
22202
22255
22311
22370
22433
22500
22569
22641
22717
22796
22877
22961
23047
23137
23229
23324
23422
23522
23624
23728
23834
23942
24052
24164
24278
24394
24512
24631
24752
24874
24997
25121
25246
25372
25500
25500
25368
25237
25107
24978
24851
24725
24600
24476
24353
24233
24115
23998
23884
23772
23662
23554
23448
23344
23242
23144
23048
22955
22865
22779
22695
22613
22535
22460
22388
22319
22253
22190
22131
22075
22022
21973
21928
21886
21847
21813
21782
21754
21729
21707
21689
21675
21664
21658
21655
21655
21658
21664
21675
21689
21707
21729
21754
21782
21813
21847
21885
21927
21973
22022
22074
22129
22187
22249
22315
22384
22456
22531
22609
22691
22775
22862
22952
23045
23140
23239
23341
23445
23551
23659
23769
23881
23995
24112
24230
24351
24474
24598
24723
24850
24978
25107
25237
25368
25500
25500
25363
25227
25092
24959
24827
24696
24566
24437
24310
24185
24062
23941
23822
23705
23591
23479
23369
23261
23156
23054
22954
22858
22765
22675
22588
22504
22423
22345
22270
22198
22129
22064
22003
21945
21890
21839
21792
21748
21708
21672
21640
21611
21585
21562
21544
21529
21518
21511
21508
21508
21511
21518
21529
21544
21562
21585
21611
21640
21672
21708
21747
21791
21838
21889
21943
22000
22061
22125
22194
22266
22341
22419
22500
22584
22671
22761
22854
22951
23050
23152
23258
23366
23476
23588
23702
23819
23938
24059
24182
24307
24435
24564
24694
24825
24958
25092
25227
25363
25500
25500
25358
25217
25077
24939
24802
24666
24531
24397
24265
24135
24008
23882
23759
23638
23519
23402
23288
23176
23067
22962
22859
22759
22662
22569
22479
22392
22308
22227
22149
22074
22003
21935
21872
21812
21755
21702
21653
21607
21566
21528
21495
21465
21438
21415
21396
21380
21369
21362
21358
21358
21362
21369
21380
21396
21415
21438
21465
21495
21528
21566
21607
21652
21701
21753
21809
21869
21932
21999
22070
22145
22223
22304
22388
22475
22565
22658
22755
22855
22958
23064
23173
23285
23399
23516
23635
23756
23879
24005
24133
24263
24395
24529
24664
24800
24938
25077
25217
25358
25500
25500
25353
25207
25062
24918
24776
24635
24495
24356
24219
24085
23953
23823
23695
23569
23445
23324
23205
23089
22977
22868
22761
22658
22558
22461
22367
22277
22190
22106
22025
21947
21874
21804
21738
21676
21617
21562
21511
21464
21421
21382
21347
21316
21288
21264
21245
21229
21217
21210
21206
21206
21210
21217
21229
21245
21264
21288
21316
21347
21382
21421
21463
21510
21561
21615
21673
21735
21800
21870
21943
22021
22102
22186
22273
22363
22457
22554
22654
22757
22864
22973
23086
23202
23321
23442
23566
23692
23820
23950
24082
24217
24354
24493
24633
24774
24917
25061
25206
25352
25500
25500
25347
25196
25046
24897
24749
24603
24458
24314
24173
24034
23897
23762
23629
23498
23369
23244
23121
23001
22885
22772
22662
22555
22451
22350
22252
22159
22069
21982
21898
21818
21742
21669
21601
21537
21476
21419
21366
21317
21273
21232
21196
21164
21135
21111
21091
21075
21063
21055
21051
21051
21055
21063
21075
21091
21111
21135
21164
21196
21232
21273
21317
21365
21418
21474
21534
21598
21666
21738
21814
21894
21978
22065
22155
22248
22346
22447
22551
22658
22768
22881
22998
23118
23241
23366
23495
23626
23759
23894
24031
24170
24312
24456
24601
24747
24895
25044
25195
25347
25500
25500
25342
25185
25029
24875
24722
24570
24420
24271
24125
23981
23839
23699
23561
23425
23292
23162
23035
22911
22791
22674
22560
22449
22341
22236
22135
22038
21945
21855
21768
21685
21607
21532
21461
21395
21332
21273
21218
21168
21122
21080
21042
21009
20980
20955
20934
20917
20905
20897
20893
20893
20897
20905
20917
20934
20955
20980
21009
21042
21080
21122
21168
21218
21272
21330
21392
21458
21528
21603
21681
21764
21851
21941
22034
22131
22232
22337
22445
22556
22670
22787
22908
23032
23159
23289
23422
23558
23696
23836
23978
24122
24269
24418
24568
24720
24873
25028
25184
25341
25500
25500
25336
25174
25013
24853
24694
24536
24381
24227
24075
23926
23779
23634
23491
23350
23212
23078
22947
22819
22694
22573
22455
22340
22228
22119
22015
21914
21818
21725
21635
21550
21469
21392
21319
21250
21185
21124
21068
21016
20968
20924
20885
20851
20821
20795
20773
20755
20743
20735
20731
20731
20735
20743
20755
20773
20795
20821
20851
20885
20924
20967
21015
21067
21123
21183
21247
21315
21388
21465
21546
21631
21721
21814
21910
22011
22115
22224
22336
22451
22569
22690
22815
22943
23075
23210
23347
23488
23631
23776
23923
24073
24225
24379
24534
24692
24851
25011
25173
25336
25500
25500
25331
25163
24996
24830
24665
24502
24341
24181
24024
23869
23717
23567
23419
23273
23131
22992
22856
22724
22595
22469
22347
22228
22112
22000
21892
21788
21688
21592
21500
21412
21328
21248
21173
21102
21035
20972
20914
20860
20810
20765
20724
20689
20658
20631
20608
20590
20577
20569
20565
20565
20569
20577
20590
20608
20631
20658
20689
20724
20764
20808
20858
20912
20970
21032
21098
21168
21244
21324
21408
21496
21588
21684
21784
21888
21996
22108
22224
22343
22465
22591
22720
22853
22989
23129
23271
23416
23564
23714
23867
24022
24179
24339
24500
24663
24828
24994
25161
25330
25500
25500
25325
25151
24978
24806
24636
24467
24300
24135
23972
23812
23654
23498
23345
23195
23048
22904
22764
22627
22493
22362
22236
22113
21993
21877
21766
21658
21555
21456
21361
21270
21183
21101
21023
20950
20881
20816
20756
20700
20648
20602
20560
20523
20491
20463
20439
20421
20407
20399
20395
20395
20399
20407
20421
20439
20463
20491
20523
20559
20600
20646
20697
20753
20813
20877
20945
21018
21096
21179
21266
21357
21452
21551
21654
21761
21873
21989
22109
22232
22358
22489
22623
22761
22902
23046
23193
23343
23496
23651
23809
23970
24133
24298
24465
24634
24805
24977
25150
25324
25500
25500
25319
25139
24960
24782
24606
24431
24258
24087
23919
23753
23589
23428
23270
23115
22963
22814
22669
22527
22388
22253
22122
21995
21871
21752
21637
21526
21419
21316
21218
21124
21035
20950
20869
20794
20723
20656
20594
20536
20483
20435
20392
20353
20320
20291
20267
20248
20234
20225
20221
20221
20225
20234
20248
20267
20291
20320
20353
20390
20433
20480
20533
20590
20652
20718
20789
20864
20945
21030
21120
21214
21312
21414
21521
21632
21747
21867
21991
22118
22249
22384
22523
22666
22812
22961
23113
23268
23426
23586
23750
23916
24085
24256
24429
24604
24781
24959
25138
25318
25500
25500
25312
25126
24941
24757
24575
24394
24215
24038
23864
23692
23522
23356
23192
23032
22875
22721
22571
22424
22280
22140
22005
21874
21747
21624
21505
21390
21279
21173
21072
20975
20883
20795
20712
20634
20561
20492
20428
20368
20314
20264
20220
20180
20145
20115
20091
20071
20057
20047
20043
20043
20047
20057
20071
20091
20115
20145
20179
20218
20262
20311
20365
20423
20487
20556
20629
20707
20790
20878
20970
21067
21168
21274
21385
21500
21619
21742
21870
22001
22137
22276
22420
22568
22719
22873
23030
23190
23354
23520
23689
23861
24036
24213
24392
24573
24756
24940
25125
25312
25500
25500
25306
25113
24921
24731
24543
24356
24171
23988
23807
23629
23454
23282
23113
22947
22784
22625
22470
22318
22169
22025
21885
21750
21619
21492
21369
21250
21135
21026
20922
20822
20727
20636
20551
20470
20395
20324
20258
20197
20141
20090
20044
20003
19967
19936
19911
19891
19876
19866
19861
19861
19866
19876
19891
19911
19936
19966
20001
20041
20087
20137
20193
20253
20319
20390
20465
20546
20631
20722
20817
20917
21021
21130
21245
21364
21487
21614
21746
21882
22022
22166
22314
22467
22623
22782
22945
23111
23280
23452
23627
23805
23986
24169
24354
24541
24730
24920
25112
25305
25500
25500
25299
25100
24902
24705
24510
24316
24125
23936
23749
23565
23384
23206
23031
22859
22691
22526
22366
22209
22056
21907
21762
21622
21487
21356
21229
21106
20988
20875
20768
20665
20567
20474
20386
20303
20225
20152
20084
20021
19963
19911
19864
19822
19785
19753
19727
19706
19690
19680
19675
19675
19680
19690
19706
19727
19753
19784
19820
19861
19908
19960
20017
20079
20147
20220
20298
20381
20469
20562
20660
20763
20870
20983
21101
21224
21351
21482
21618
21759
21904
22053
22206
22363
22524
22688
22857
23029
23204
23382
23563
23747
23934
24123
24314
24508
24703
24900
25099
25299
25500
25500
25293
25087
24882
24678
24476
24276
24078
23882
23689
23499
23312
23128
22947
22769
22595
22425
22259
22097
21939
21785
21636
21491
21351
21216
21085
20958
20837
20721
20610
20504
20403
20307
20216
20131
20051
19976
19906
19841
19781
19727
19679
19636
19598
19565
19538
19516
19500
19490
19485
19485
19490
19500
19516
19538
19565
19597
19634
19676
19724
19778
19837
19901
19971
20046
20126
20211
20302
20398
20499
20605
20716
20832
20953
21080
21211
21346
21486
21632
21782
21936
22094
22256
22422
22592
22766
22944
23125
23309
23496
23686
23880
24076
24274
24474
24676
24880
25085
25292
25500
25500
25286
25073
24861
24650
24441
24234
24029
23826
23627
23430
23237
23047
22860
22676
22496
22320
22149
21982
21819
21660
21506
21356
21211
21072
20937
20807
20682
20562
20447
20338
20234
20135
20042
19954
19872
19795
19723
19656
19594
19539
19489
19445
19406
19372
19344
19322
19305
19295
19290
19290
19295
19305
19322
19344
19372
19405
19443
19486
19536
19591
19652
19718
19790
19867
19949
20037
20130
20229
20333
20442
20557
20677
20802
20932
21067
21206
21351
21501
21656
21815
21978
22145
22316
22492
22672
22856
23043
23233
23427
23624
23824
24027
24232
24439
24648
24859
25071
25285
25500
25500
25278
25058
24839
24621
24405
24191
23979
23769
23563
23360
23160
22963
22770
22580
22394
22213
22036
21863
21695
21531
21372
21217
21068
20924
20785
20651
20522
20398
20280
20167
20060
19959
19863
19772
19688
19609
19535
19466
19403
19346
19294
19249
19209
19174
19146
19123
19106
19095
19090
19090
19095
19106
19123
19145
19174
19208
19247
19292
19343
19399
19462
19530
19604
19683
19767
19858
19954
20055
20162
20275
20393
20517
20646
20780
20919
21063
21212
21366
21526
21690
21858
22031
22208
22389
22575
22765
22959
23156
23356
23560
23767
23977
24189
24403
24619
24837
25056
25277
25500
25500
25271
25043
24816
24590
24367
24146
23927
23710
23497
23287
23080
22876
22677
22481
22289
22102
21919
21740
21567
21398
21234
21075
20921
20772
20628
20490
20357
20229
20108
19992
19882
19778
19679
19586
19499
19418
19342
19271
19206
19148
19095
19048
19007
18972
18943
18919
18902
18890
18885
18885
18890
18901
18919
18942
18971
19006
19046
19092
19145
19203
19267
19337
19413
19494
19581
19674
19773
19877
19987
20103
20224
20352
20485
20623
20766
20915
21069
21228
21392
21561
21735
21914
22097
22284
22476
22672
22872
23076
23283
23494
23708
23925
24144
24365
24589
24814
25041
25270
25500
25500
25263
25027
24792
24559
24328
24099
23873
23649
23429
23212
22998
22787
22581
22379
22181
21987
21798
21614
21435
21261
21092
20928
20769
20615
20467
20324
20187
20056
19931
19812
19699
19592
19490
19395
19305
19222
19144
19071
19005
18945
18891
18843
18801
18765
18735
18711
18693
18681
18675
18675
18680
18692
18710
18733
18763
18799
18840
18888
18942
19001
19067
19139
19217
19300
19390
19485
19587
19694
19807
19926
20051
20182
20319
20461
20609
20762
20921
21085
21254
21428
21608
21793
21982
22175
22373
22575
22782
22993
23208
23426
23647
23871
24098
24327
24558
24791
25026
25262
25500
25500
25255
25011
24768
24527
24288
24051
23817
23586
23358
23134
22913
22695
22482
22273
22069
21869
21674
21484
21299
21119
20945
20776
20612
20453
20301
20154
20013
19878
19749
19627
19511
19401
19297
19199
19107
19021
18941
18867
18799
18737
18682
18633
18590
18553
18522
18497
18478
18466
18460
18460
18466
18478
18496
18520
18550
18587
18630
18679
18734
18795
18862
18936
19016
19102
19194
19292
19396
19506
19622
19744
19873
20007
20148
20295
20447
20605
20769
20938
21112
21292
21477
21668
21863
22063
22267
22476
22690
22908
23130
23355
23583
23815
24050
24287
24526
24767
25010
25254
25500
25500
25246
24994
24743
24494
24247
24002
23760
23521
23285
23053
22825
22600
22380
22164
21953
21746
21545
21349
21158
20973
20793
20619
20450
20287
20130
19979
19834
19695
19563
19437
19318
19205
19098
18997
18903
18815
18733
18657
18587
18523
18467
18417
18373
18335
18303
18277
18258
18246
18240
18240
18246
18258
18276
18301
18332
18370
18414
18464
18520
18583
18652
18728
18810
18898
18992
19093
19200
19313
19432
19558
19690
19828
19973
20124
20280
20443
20612
20786
20966
21151
21342
21539
21740
21947
22158
22374
22595
22820
23049
23282
23518
23757
24000
24245
24492
24742
24993
25246
25500
25500
25238
24977
24717
24459
24204
23951
23701
23454
23210
22970
22734
22502
22274
22051
21833
21620
21412
21210
21013
20822
20636
20457
20283
20115
19954
19799
19650
19507
19371
19241
19119
19003
18893
18789
18693
18603
18519
18441
18369
18304
18246
18195
18150
18111
18078
18052
18032
18020
18014
18014
18020
18032
18051
18076
18108
18147
18192
18243
18301
18365
18436
18514
18598
18688
18784
18888
18998
19114
19236
19366
19502
19644
19793
19948
20109
20276
20450
20629
20815
21006
21203
21406
21614
21827
22045
22268
22496
22728
22965
23206
23450
23697
23948
24202
24458
24716
24976
25237
25500
25500
25229
24959
24690
24423
24159
23897
23639
23384
23132
22884
22640
22400
22164
21934
21709
21489
21274
21066
20863
20666
20475
20290
20111
19938
19772
19613
19460
19313
19173
19040
18914
18795
18682
18576
18477
18385
18299
18219
18145
18079
18019
17967
17921
17881
17847
17821
17801
17788
17782
17782
17788
17800
17820
17846
17879
17918
17964
18017
18076
18141
18214
18294
18380
18472
18571
18677
18790
18909
19035
19168
19308
19454
19607
19766
19932
20104
20283
20468
20659
20856
21059
21268
21483
21703
21928
22158
22393
22633
22878
23127
23379
23635
23894
24157
24422
24689
24958
25228
25500
25500
25219
24940
24662
24386
24113
23842
23575
23311
23050
22794
22542
22294
22051
21813
21580
21353
21132
20917
20708
20505
20308
20117
19933
19755
19584
19421
19264
19113
18970
18833
18704
18581
18465
18357
18255
18161
18073
17991
17916
17848
17787
17733
17686
17645
17611
17584
17564
17550
17544
17544
17550
17563
17583
17610
17644
17684
17731
17785
17845
17912
17986
18068
18156
18250
18352
18460
18576
18698
18828
18964
19108
19258
19415
19578
19749
19926
20110
20301
20498
20701
20910
21125
21347
21574
21806
22044
22287
22535
22788
23045
23306
23571
23839
24110
24384
24660
24939
25219
25500
25500
25209
24920
24633
24348
24065
23785
23508
23235
22966
22701
22440
22184
21933
21687
21447
21213
20985
20763
20547
20338
20135
19938
19749
19566
19391
19223
19062
18908
18761
18621
18488
18362
18243
18132
18028
17931
17841
17757
17681
17611
17549
17493
17445
17403
17369
17341
17321
17307
17300
17300
17307
17320
17341
17368
17403
17444
17492
17547
17608
17677
17753
17836
17926
18023
18127
18238
18356
18482
18615
18755
18902
19056
19217
19385
19560
19742
19931
20128
20331
20540
20756
20978
21206
21440
21680
21926
22177
22433
22694
22960
23230
23504
23781
24061
24345
24631
24919
25209
25500
25500
25199
24900
24603
24308
24015
23725
23438
23156
22878
22604
22334
22069
21810
21556
21308
21067
20832
20603
20380
20165
19956
19754
19559
19372
19192
19019
18854
18696
18545
18402
18266
18137
18015
17901
17794
17695
17603
17518
17440
17369
17305
17248
17198
17156
17121
17093
17072
17058
17051
17051
17058
17072
17093
17121
17156
17198
17247
17303
17366
17436
17513
17598
17690
17789
17895
18009
18130
18259
18395
18539
18690
18848
19013
19185
19365
19552
19747
19949
20158
20373
20596
20825
21060
21301
21549
21803
22062
22326
22596
22871
23150
23434
23721
24011
24305
24601
24899
25199
25500
25500
25189
24879
24571
24266
23963
23663
23366
23074
22786
22503
22224
21950
21682
21420
21165
20916
20673
20437
20208
19986
19771
19564
19364
19171
18986
18809
18639
18477
18323
18176
18037
17905
17780
17663
17554
17453
17359
17272
17192
17120
17055
16997
16946
16903
16867
16838
16817
16803
16796
16796
16803
16817
16838
16867
16903
16946
16996
17053
17117
17188
17266
17353
17447
17548
17657
17773
17897
18029
18169
18316
18471
18633
18802
18979
19163
19356
19556
19764
19979
20201
20430
20666
20908
21157
21413
21675
21942
22216
22495
22779
23068
23361
23658
23959
24263
24569
24878
25188
25500
25500
25178
24857
24538
24222
23908
23598
23291
22989
22691
22398
22110
21827
21550
21280
21016
20759
20509
20266
20030
19801
19580
19367
19162
18964
18774
18592
18418
18252
18094
17943
17801
17666
17538
17419
17307
17204
17108
17019
16937
16864
16798
16739
16687
16643
16606
16577
16556
16542
16535
16535
16542
16556
16577
16606
16643
16687
16738
16796
16861
16933
17013
17101
17197
17301
17412
17531
17658
17793
17936
18086
18245
18411
18584
18766
18955
19153
19358
19572
19793
20022
20258
20501
20751
21008
21272
21542
21818
22101
22389
22683
22982
23285
23592
23904
24219
24536
24856
25177
25500
25500
25166
24834
24504
24176
23851
23530
23213
22900
22592
22289
21991
21699
21413
21134
20862
20597
20339
20088
19845
19610
19383
19164
18953
18750
18555
18368
18190
18020
17858
17704
17558
17420
17290
17168
17054
16948
16850
16759
16676
16601
16534
16474
16421
16376
16339
16309
16288
16274
16267
16267
16274
16288
16309
16339
16376
16421
16473
16532
16598
16671
16753
16843
16941
17047
17160
17282
17412
17550
17696
17850
18012
18182
18360
18546
18740
18943
19154
19373
19601
19836
20079
20330
20588
20853
21125
21404
21689
21981
22279
22583
22892
23206
23524
23847
24173
24502
24833
25166
25500
25500
25154
24810
24468
24128
23791
23459
23131
22807
22488
22175
21867
21565
21270
20982
20701
20428
20162
19904
19654
19412
19178
18953
18736
18528
18328
18136
17954
17780
17614
17457
17308
17167
17034
16909
16793
16685
16585
16492
16408
16331
16263
16202
16148
16103
16065
16035
16013
15999
15992
15992
15999
16013
16035
16065
16102
16148
16201
16261
16328
16403
16486
16578
16678
16786
16902
17026
17159
17300
17449
17606
17772
17946
18128
18319
18518
18726
18943
19168
19402
19644
19894
20152
20418
20691
20972
21260
21555
21857
22165
22479
22798
23123
23453
23787
24125
24466
24809
25154
25500
25500
25142
24785
24430
24078
23729
23385
23045
22710
22380
22056
21738
21426
21121
20824
20534
20252
19978
19712
19455
19206
18966
18734
18512
18298
18093
17897
17710
17532
17363
17202
17050
16906
16770
16643
16525
16415
16313
16219
16133
16055
15985
15923
15869
15823
15784
15754
15731
15717
15710
15710
15717
15731
15753
15784
15822
15868
15922
15983
16051
16128
16213
16306
16408
16518
16636
16762
16898
17042
17194
17354
17524
17702
17888
18084
18288
18501
18724
18955
19195
19444
19701
19967
20241
20523
20813
21110
21415
21727
22045
22370
22701
23037
23379
23725
24075
24428
24783
25141
25500
25500
25129
24759
24391
24026
23664
23307
22955
22608
22267
21932
21603
21281
20966
20659
20360
20069
19787
19513
19248
18992
18746
18508
18280
18061
17851
17650
17459
17277
17104
16939
16784
16637
16499
16369
16249
16137
16033
15938
15851
15772
15701
15638
15583
15536
15497
15466
15443
15428
15421
15421
15428
15442
15465
15496
15534
15581
15636
15698
15768
15846
15932
16027
16130
16242
16362
16491
16629
16776
16931
17095
17268
17450
17641
17841
18050
18269
18497
18734
18980
19236
19501
19775
20057
20348
20647
20954
21269
21591
21920
22256
22599
22947
23301
23659
24022
24388
24757
25128
25500
25500
25115
24731
24349
23971
23596
23226
22861
22502
22149
21802
21462
21129
20804
20487
20178
19878
19588
19306
19034
18771
18518
18274
18040
17815
17600
17395
17200
17014
16837
16669
16510
16360
16220
16088
15965
15851
15746
15650
15562
15482
15410
15346
15290
15242
15202
15171
15147
15132
15125
15125
15132
15147
15170
15201
15240
15287
15343
15406
15477
15556
15644
15740
15845
15958
16080
16212
16352
16502
16660
16827
17004
17190
17385
17590
17804
18028
18261
18505
18758
19021
19293
19575
19865
20165
20474
20791
21116
21449
21789
22137
22492
22853
23219
23591
23967
24346
24729
25114
25500
25500
25100
24702
24306
23913
23525
23141
22763
22391
22025
21666
21314
20970
20634
20307
19989
19680
19381
19091
18811
18541
18281
18031
17791
17561
17341
17131
16932
16742
16561
16390
16228
16076
15933
15799
15674
15558
15451
15354
15265
15184
15111
15046
14989
14941
14901
14869
14845
14829
14822
14822
14829
14844
14868
14899
14939
14987
15043
15107
15179
15259
15348
15445
15552
15667
15791
15925
16068
16220
16381
16551
16731
16921
17120
17330
17549
17778
18017
18267
18527
18797
19077
19367
19666
19975
20293
20620
20956
21300
21652
22012
22380
22754
23134
23519
23909
24303
24700
25099
25500
25500
25085
24672
24261
23853
23450
23052
22660
22274
21895
21523
21159
20803
20456
20119
19791
19473
19165
18867
18579
18302
18035
17779
17533
17298
17073
16859
16655
16461
16276
16102
15938
15783
15638
15502
15375
15257
15149
15050
14960
14878
14804
14738
14681
14632
14592
14560
14536
14520
14512
14512
14519
14535
14559
14591
14631
14679
14735
14800
14873
14954
15044
15143
15251
15368
15494
15630
15775
15929
16093
16266
16449
16643
16847
17061
17285
17519
17764
18020
18287
18564
18852
19150
19458
19776
20104
20441
20788
21144
21508
21881
22262
22650
23044
23443
23848
24257
24669
25083
25500
25500
25069
24640
24213
23790
23371
22958
22551
22151
21758
21373
20997
20629
20271
19923
19585
19257
18940
18633
18338
18053
17780
17517
17266
17025
16795
16577
16369
16171
15983
15806
15639
15481
15334
15196
15068
14949
14839
14738
14647
14564
14489
14423
14365
14316
14275
14243
14219
14203
14195
14195
14203
14219
14243
14275
14315
14363
14420
14485
14559
14641
14732
14832
14941
15060
15188
15326
15473
15629
15796
15972
16159
16356
16564
16782
17011
17251
17502
17764
18037
18321
18617
18923
19240
19568
19906
20254
20613
20981
21358
21744
22138
22540
22949
23364
23784
24208
24636
25067
25500
25500
25052
24606
24162
23723
23288
22859
22437
22022
21615
21216
20827
20447
20077
19717
19369
19031
18705
18390
18087
17795
17515
17246
16989
16743
16508
16285
16073
15871
15681
15501
15331
15171
15021
14882
14752
14632
14521
14419
14326
14242
14166
14100
14042
13993
13952
13919
13895
13879
13871
13871
13879
13895
13919
13951
13991
14040
14097
14162
14237
14320
14412
14513
14624
14744
14873
15013
15162
15321
15490
15669
15859
16059
16271
16494
16728
16973
17229
17497
17777
18069
18372
18687
19013
19350
19699
20058
20429
20810
21200
21600
22008
22425
22849
23280
23716
24157
24602
25050
25500
25500
25034
24570
24109
23652
23200
22754
22316
21886
21464
21051
20648
20255
19873
19502
19143
18795
18459
18136
17825
17526
17239
16964
16701
16450
16210
15983
15767
15562
15369
15186
15014
14852
14700
14559
14427
14306
14194
14091
13997
13912
13836
13769
13711
13662
13621
13588
13564
13548
13540
13540
13548
13564
13588
13620
13660
13709
13766
13832
13907
13991
14084
14186
14298
14419
14550
14691
14842
15003
15174
15356
15549
15753
15968
16195
16434
16684
16946
17220
17507
17806
18117
18440
18775
19122
19482
19853
20236
20630
21034
21448
21871
22303
22743
23191
23644
24103
24566
25032
25500
25500
25015
24532
24052
23577
23107
22644
22189
21742
21304
20876
20459
20053
19658
19276
18906
18548
18203
17871
17552
17245
16952
16671
16402
16146
15902
15671
15451
15243
15047
14861
14687
14523
14370
14227
14094
13971
13858
13754
13659
13574
13497
13430
13372
13323
13282
13249
13225
13209
13201
13201
13209
13225
13249
13281
13321
13370
13427
13493
13569
13653
13747
13850
13963
14085
14217
14359
14512
14675
14848
15033
15229
15436
15655
15886
16129
16384
16651
16931
17225
17531
17850
18181
18526
18884
19255
19638
20033
20440
20858
21287
21726
22175
22632
23097
23568
24046
24528
25013
25500
25500
24995
24492
23992
23497
23008
22527
22054
21589
21135
20692
20260
19840
19432
19038
18657
18289
17934
17594
17267
16953
16653
16366
16092
15831
15583
15348
15125
14914
14715
14527
14350
14185
14030
13886
13752
13628
13514
13409
13314
13228
13151
13083
13025
12976
12935
12902
12878
12862
12854
12854
12862
12878
12902
12934
12974
13023
13080
13147
13223
13308
13402
13505
13619
13742
13875
14018
14172
14337
14512
14699
14898
15108
15330
15565
15812
16072
16345
16631
16931
17244
17571
17911
18265
18634
19016
19411
19819
20239
20672
21117
21573
22039
22514
22997
23488
23985
24487
24992
25500
25500
24973
24449
23928
23412
22903
22403
21911
21428
20957
20497
20050
19616
19195
18788
18395
18017
17653
17304
16969
16648
16341
16048
15769
15504
15252
15013
14787
14573
14372
14182
14004
13837
13681
13536
13401
13276
13161
13056
12960
12874
12797
12729
12670
12621
12580
12547
12523
12507
12499
12499
12507
12523
12547
12579
12619
12668
12726
12793
12869
12954
13048
13152
13266
13390
13524
13668
13823
13989
14166
14355
14556
14769
14994
15232
15483
15748
16026
16318
16624
16944
17279
17628
17992
18371
18764
19171
19593
20028
20476
20937
21410
21894
22388
22891
23402
23920
24443
24970
25500
25500
24950
24403
23860
23322
22792
22271
21759
21257
20768
20291
19828
19379
18944
18525
18121
17732
17358
17000
16657
16329
16016
15717
15433
15164
14908
14666
14437
14221
14018
13826
13647
13479
13322
13176
13040
12914
12799
12694
12598
12512
12435
12367
12308
12258
12217
12184
12160
12144
12136
12136
12144
12160
12184
12216
12256
12305
12363
12430
12506
12591
12685
12789
12903
13028
13163
13308
13464
13631
13809
14000
14203
14418
14646
14887
15142
15411
15694
15991
16303
16630
16973
17331
17705
18094
18499
18919
19354
19804
20268
20746
21237
21740
22254
22778
23311
23851
24397
24947
25500
25500
24925
24354
23787
23226
22673
22130
21597
21075
20567
20072
19592
19128
18680
18248
17832
17432
17048
16681
16330
15996
15677
15373
15084
14811
14552
14307
14076
13858
13653
13460
13279
13110
12952
12806
12670
12544
12428
12323
12227
12141
12064
11996
11937
11887
11846
11813
11789
11773
11765
11765
11773
11789
11813
11845
11885
11934
11992
12059
12135
12220
12314
12418
12532
12657
12792
12937
13094
13262
13442
13634
13838
14055
14286
14530
14788
15061
15348
15650
15968
16302
16653
17020
17403
17803
18219
18652
19101
19566
20047
20543
21053
21576
22111
22658
23214
23778
24348
24922
25500
25500
24899
24301
23709
23123
22546
21979
21424
20881
20353
19840
19343
18863
18400
17955
17527
17116
16723
16347
15989
15648
15323
15015
14722
14445
14183
13935
13702
13482
13276
13082
12900
12731
12573
12426
12290
12164
12048
11943
11847
11761
11684
11616
11557
11508
11467
11434
11410
11394
11386
11386
11394
11410
11434
11466
11506
11554
11612
11679
11755
11840
11934
12038
12152
12276
12411
12557
12714
12882
13063
13256
13461
13680
13913
14160
14421
14697
14988
15295
15619
15960
16318
16693
17085
17496
17924
18370
18833
19314
19812
20327
20857
21401
21959
22529
23109
23699
24295
24896
25500
25500
24871
24245
23625
23013
22410
21818
21239
20674
20125
19592
19077
18581
18103
17645
17205
16783
16381
15997
15632
15285
14955
14642
14345
14065
13800
13550
13315
13094
12887
12692
12510
12341
12183
12036
11900
11774
11659
11554
11458
11372
11295
11228
11170
11121
11080
11047
11023
11007
10999
10999
11007
11023
11047
11079
11119
11167
11224
11290
11366
11451
11545
11648
11762
11886
12020
12166
12323
12492
12673
12866
13073
13293
13527
13776
14039
14318
14613
14925
15254
15601
15966
16349
16751
17172
17612
18071
18549
19046
19562
20096
20647
21213
21795
22390
22997
23614
24238
24867
25500
25500
24841
24185
23535
22894
22263
21644
21040
20452
19881
19328
18795
18282
17789
17317
16865
16433
16021
15630
15258
14905
14570
14253
13953
13670
13403
13152
12916
12694
12486
12291
12109
11940
11782
11635
11500
11375
11260
11156
11061
10975
10899
10832
10775
10726
10685
10652
10628
10612
10604
10604
10612
10628
10652
10684
10724
10772
10828
10894
10969
11053
11147
11250
11363
11486
11620
11765
11922
12090
12271
12465
12672
12893
13128
13378
13643
13924
14222
14538
14872
15224
15596
15987
16398
16829
17281
17753
18247
18761
19295
19849
20422
21012
21619
22241
22876
23522
24176
24836
25500
25500
24808
24119
23437
22765
22104
21457
20826
20213
19619
19045
18493
17963
17455
16969
16505
16063
15643
15244
14865
14507
14168
13847
13545
13260
12992
12740
12503
12281
12073
11878
11697
11528
11371
11225
11090
10966
10852
10749
10655
10570
10495
10429
10372
10323
10282
10250
10226
10210
10202
10202
10210
10225
10249
10281
10321
10369
10425
10490
10564
10647
10740
10842
10954
11076
11209
11354
11510
11678
11858
12051
12258
12479
12714
12965
13231
13514
13815
14134
14472
14829
15207
15605
16025
16466
16930
17416
17925
18456
19009
19584
20180
20795
21429
22079
22744
23422
24109
24802
25500
25500
24772
24048
23331
22625
21932
21255
20595
19956
19338
18742
18170
17622
17099
16599
16124
15672
15244
14838
14454
14091
13748
13424
13120
12834
12565
12313
12076
11854
11647
11453
11273
11105
10949
10804
10671
10548
10435
10333
10240
10156
10082
10017
9961
9913
9873
9841
9817
9801
9793
9793
9801
9816
9839
9871
9910
9958
10014
10078
10151
10233
10324
10425
10536
10657
10789
10932
11087
11254
11433
11625
11831
12051
12286
12537
12804
13088
13391
13713
14054
14416
14799
15204
15632
16083
16558
17057
17581
18129
18702
19299
19919
20561
21223
21904
22602
23313
24036
24766
25500
25500
24733
23970
23216
22473
21746
21036
20346
19679
19035
18417
17825
17259
16720
16207
15720
15259
14823
14411
14022
13655
13309
12984
12678
12392
12123
11871
11635
11414
11208
11016
10837
10670
10516
10373
10242
10121
10010
9909
9817
9735
9662
9598
9542
9495
9456
9424
9401
9385
9378
9378
9385
9400
9423
9454
9493
9540
9595
9658
9729
9810
9900
9999
10108
10228
10358
10500
10653
10818
10995
11186
11391
11610
11844
12094
12361
12646
12949
13273
13617
13982
14370
14781
15216
15676
16162
16674
17213
17779
18372
18991
19637
20307
21000
21714
22447
23195
23956
24726
25500
25500
24690
23885
23090
22308
21543
20798
20076
19379
18709
18067
17454
16870
16315
15789
15292
14822
14378
13961
13568
13198
12851
12525
12219
11933
11665
11414
11179
10960
10756
10566
10389
10225
10073
9932
9803
9684
9575
9476
9386
9305
9234
9171
9116
9070
9032
9001
8978
8963
8956
8956
8963
8977
9000
9030
9068
9114
9168
9230
9300
9379
9467
9565
9672
9790
9918
10057
10207
10370
10545
10734
10937
11154
11387
11636
11902
12186
12489
12813
13159
13527
13918
14334
14776
15244
15740
16265
16819
17402
18016
18659
19331
20030
20756
21506
22277
23066
23869
24682
25500
25500
24642
23791
22951
22126
21320
20537
19781
19053
18355
17688
17054
16452
15882
15344
14837
14359
13909
13487
13091
12720
12372
12046
11741
11456
11190
10941
10708
10492
10290
10103
9929
9768
9619
9481
9354
9237
9131
9034
8946
8868
8798
8736
8683
8638
8601
8571
8548
8534
8527
8527
8534
8548
8570
8599
8636
8681
8733
8794
8863
8940
9026
9122
9227
9342
9467
9603
9751
9911
10083
10269
10469
10683
10914
11161
11425
11707
12009
12333
12679
13049
13443
13863
14310
14785
15291
15827
16396
16997
17631
18298
18998
19729
20490
21278
22090
22923
23772
24633
25500
25500
24590
23687
22797
21925
21075
20251
19458
18697
17970
17278
16623
16003
15419
14869
14353
13868
13414
12989
12591
12219
11872
11547
11244
10961
10698
10452
10223
10010
9812
9628
9458
9300
9154
9019
8895
8782
8678
8584
8499
8423
8355
8295
8243
8199
8163
8134
8112
8098
8091
8091
8098
8112
8133
8161
8197
8241
8292
8351
8418
8493
8577
8670
8772
8884
9006
9139
9284
9440
9609
9791
9987
10198
10425
10669
10930
11210
11510
11832
12177
12547
12942
13365
13816
14298
14812
15359
15941
16559
17214
17906
18635
19399
20197
21026
21883
22764
23665
24579
25500
25500
24532
23572
22626
21702
20804
19936
19103
18307
17550
16833
16157
15520
14922
14362
13838
13348
12890
12464
12066
11695
11350
11028
10728
10449
10189
9947
9723
9514
9320
9141
8975
8821
8679
8548
8428
8318
8217
8126
8044
7970
7904
7846
7796
7754
7719
7691
7670
7656
7649
7649
7655
7669
7689
7717
7752
7794
7843
7900
7965
8038
8119
8209
8308
8417
8536
8665
8806
8958
9122
9300
9491
9698
9920
10160
10417
10693
10990
11309
11652
12020
12415
12839
13293
13779
14300
14857
15452
16087
16762
17479
18237
19035
19873
20747
21653
22588
23545
24518
25500
25500
24467
23443
22436
21454
20503
19587
18712
17879
17091
16349
15652
14999
14388
13819
13289
12796
12337
11911
11515
11147
10805
10487
10192
9918
9663
9427
9208
9004
8816
8641
8480
8331
8194
8067
7951
7845
7748
7660
7581
7510
7446
7391
7343
7302
7268
7241
7221
7208
7201
7201
7207
7220
7240
7266
7300
7340
7387
7442
7505
7575
7653
7740
7836
7941
8056
8181
8317
8464
8623
8796
8982
9183
9400
9634
9886
10157
10449
10763
11102
11467
11860
12283
12738
13227
13753
14318
14925
15575
16270
17011
17799
18634
19514
20436
21396
22390
23411
24450
25500
25500
24393
23298
22223
21177
20167
19199
18279
17408
16589
15821
15104
14436
13815
13239
12705
12210
11752
11328
10936
10573
10236
9924
9635
9368
9120
8890
8678
8481
8299
8130
7974
7831
7699
7577
7465
7363
7271
7187
7111
7043
6982
6929
6883
6844
6811
6786
6767
6754
6747
6747
6753
6766
6785
6810
6842
6880
6925
6978
7038
7105
7180
7263
7355
7456
7566
7686
7817
7959
8112
8279
8459
8654
8864
9091
9336
9600
9886
10194
10527
10887
11275
11695
12149
12639
13168
13739
14355
15019
15732
16497
17316
18188
19113
20087
21107
22167
23259
24373
25500
25500
24310
23133
21981
20864
19790
18766
17797
16887
16036
15243
14508
13827
13198
12617
12082
11589
11134
10715
10329
9973
9644
9340
9059
8799
8559
8338
8133
7944
7769
7607
7457
7320
7194
7078
6971
6874
6786
6706
6634
6569
6511
6461
6417
6380
6349
6325
6307
6294
6288
6288
6294
6306
6324
6348
6378
6414
6457
6507
6564
6628
6699
6778
6866
6962
7067
7182
7307
7443
7590
7750
7923
8110
8312
8531
8768
9024
9301
9601
9926
10279
10661
11075
11524
12012
12541
13116
13739
14414
15144
15932
16781
17691
18663
19693
20779
21912
23085
24285
25500
25500
24214
22945
21705
20508
19363
18278
17259
16308
15425
14609
13858
13167
12533
11951
11418
10930
10482
10071
9693
9346
9027
8733
8462
8212
7982
7770
7574
7393
7226
7072
6930
6800
6680
6570
6469
6377
6294
6218
6150
6089
6034
5987
5946
5911
5882
5859
5842
5830
5824
5824
5829
5840
5857
5880
5908
5942
5983
6030
6083
6144
6211
6286
6369
6460
6559
6668
6787
6916
7056
7208
7373
7551
7744
7954
8181
8428
8695
8985
9300
9642
10015
10421
10863
11345
11871
12445
13071
13754
14498
15307
16185
17134
18155
19246
20404
21620
22884
24183
25500
25500
24104
22728
21388
20100
18876
17725
16653
15661
14748
13912
13148
12451
11816
11238
10712
10232
9794
9394
9028
8693
8386
8104
7845
7607
7388
7186
7000
6829
6671
6526
6392
6270
6157
6054
5959
5873
5795
5724
5660
5603
5552
5507
5469
5436
5409
5388
5372
5361
5355
5355
5360
5370
5386
5407
5433
5465
5503
5547
5597
5654
5717
5787
5864
5950
6043
6145
6257
6379
6511
6654
6810
6979
7162
7361
7577
7812
8067
8344
8647
8977
9337
9731
10162
10634
11153
11722
12347
13033
13787
14614
15519
16506
17578
18734
19971
21281
22651
24064
25500
25500
23975
22475
21020
19629
18317
17095
15967
14935
13995
13143
12371
11674
11044
10475
9960
9493
9069
8683
8332
8012
7720
7453
7208
6983
6777
6587
6412
6252
6105
5969
5845
5731
5626
5530
5442
5362
5289
5223
5164
5111
5064
5022
4987
4957
4932
4912
4897
4887
4882
4882
4886
4896
4910
4930
4954
4984
5019
5059
5105
5158
5216
5281
5353
5433
5520
5615
5719
5832
5955
6089
6235
6393
6565
6752
6955
7176
7417
7680
7967
8282
8626
9005
9421
9879
10385
10944
11562
12246
13004
13843
14771
15794
16917
18142
19467
20883
22375
23923
25500
25500
23824
22177
20588
19079
17670
16371
15188
14118
13156
12294
11522
10831
10212
9658
9160
8711
8306
7939
7607
7305
7030
6780
6551
6342
6150
5974
5812
5664
5528
5403
5288
5183
5086
4998
4917
4844
4777
4716
4662
4614
4571
4533
4500
4473
4450
4432
4418
4409
4405
4405
4409
4418
4431
4449
4471
4498
4530
4567
4609
4657
4710
4770
4836
4909
4989
5076
5172
5276
5389
5513
5648
5794
5953
6127
6316
6522
6747
6993
7262
7558
7883
8242
8639
9078
9565
10107
10711
11385
12140
12984
13928
14983
16156
17452
18872
20409
22044
23753
25500
25500
23644
21824
20076
18431
16913
15534
14296
13194
12218
11355
10592
9917
9318
8786
8311
7886
7505
7162
6852
6571
6317
6086
5876
5684
5508
5347
5200
5065
4941
4827
4723
4627
4539
4459
4386
4320
4259
4204
4155
4112
4073
4039
4010
3985
3964
3948
3936
3928
3924
3924
3928
3936
3948
3964
3984
4008
4036
4070
4108
4151
4199
4253
4313
4379
4451
4530
4617
4712
4815
4927
5050
5183
5328
5487
5660
5849
6056
6283
6532
6806
7108
7443
7815
8229
8691
9209
9791
10446
11187
12026
12977
14054
15272
16640
18163
19837
21642
23545
25500
25500
23428
21400
19462
17658
16018
14556
13269
12145
11167
10316
9575
8927
8358
7857
7413
7019
6667
6352
6069
5813
5582
5373
5183
5010
4852
4708
4576
4455
4344
4243
4150
4064
3986
3915
3850
3791
3737
3688
3644
3606
3572
3542
3516
3494
3475
3461
3451
3444
3440
3440
3444
3451
3461
3475
3493
3514
3539
3569
3603
3641
3684
3732
3785
3844
3908
3978
4055
4140
4232
4332
4442
4561
4691
4833
4989
5159
5346
5551
5777
6026
6301
6608
6950
7333
7763
8248
8798
9423
10137
10957
11900
12986
14238
15673
17305
19134
21142
23285
25500
25500
23169
20887
18715
16721
14947
13404
12080
10951
9990
9169
8465
7858
7331
6871
6467
6110
5793
5511
5259
5032
4827
4642
4475
4323
4184
4057
3942
3836
3739
3651
3570
3495
3427
3365
3308
3257
3210
3168
3130
3096
3067
3041
3019
3000
2984
2972
2963
2957
2954
2954
2957
2963
2972
2984
2999
3017
3039
3065
3094
3127
3165
3207
3253
3304
3360
3421
3488
3561
3641
3729
3825
3929
4043
4167
4304
4453
4618
4799
4999
5220
5465
5739
6046
6391
6781
7224
7730
8311
8983
9765
10680
11755
13021
14510
16250
18254
20507
22953
25500
25500
22862
20265
17793
15565
13645
12033
10696
9590
8673
7906
7259
6709
6237
5829
5474
5162
4886
4642
4424
4229
4053
3895
3752
3623
3505
3397
3299
3209
3127
3052
2984
2921
2863
2810
2762
2719
2679
2644
2612
2584
2559
2537
2519
2503
2490
2480
2472
2467
2465
2465
2467
2472
2480
2490
2502
2517
2536
2558
2583
2611
2642
2678
2717
2760
2807
2858
2915
2977
3045
3119
3200
3288
3385
3491
3607
3734
3874
4029
4200
4390
4601
4838
5104
5405
5747
6138
6588
7110
7721
8442
9301
10333
11581
13096
14931
17125
19679
22520
25500
25500
22516
19518
16627
14103
12035
10387
9082
8043
7206
6523
5957
5483
5081
4736
4438
4178
3949
3747
3567
3407
3263
3134
3017
2912
2816
2728
2648
2575
2509
2448
2393
2342
2295
2252
2213
2178
2146
2117
2092
2069
2049
2032
2017
2004
1994
1986
1980
1976
1974
1974
1976
1980
1986
1994
2004
2016
2031
2049
2069
2092
2117
2146
2177
2212
2250
2292
2338
2388
2443
2503
2568
2640
2719
2805
2899
3003
3117
3243
3383
3539
3713
3908
4128
4378
4664
4993
5374
5820
6349
6982
7750
8696
9876
11364
13253
15636
18564
21948
25500
25500
22187
18665
15094
12186
10006
8400
7204
6295
5587
5023
4565
4186
3868
3597
3365
3163
2986
2830
2692
2569
2459
2361
2272
2192
2119
2052
1991
1936
1886
1840
1798
1759
1723
1691
1661
1635
1611
1589
1570
1553
1538
1525
1513
1504
1496
1490
1486
1483
1481
1481
1483
1486
1490
1496
1504
1513
1524
1538
1553
1571
1590
1612
1636
1662
1690
1722
1757
1795
1837
1882
1931
1986
2046
2111
2183
2262
2349
2445
2552
2671
2804
2954
3124
3317
3539
3796
4095
4449
4873
5387
6023
6826
7863
9232
11081
13604
16994
21208
25500
25500
22068
17863
12900
9542
7404
6004
5041
4347
3825
3419
3094
2829
2608
2421
2262
2124
2003
1897
1803
1720
1645
1579
1519
1465
1416
1371
1330
1293
1259
1228
1200
1174
1150
1128
1108
1090
1074
1060
1047
1036
1026
1017
1009
1003
998
994
991
989
988
988
989
991
994
998
1003
1009
1017
1026
1037
1049
1062
1077
1093
1110
1129
1150
1174
1200
1228
1258
1291
1328
1368
1412
1460
1513
1572
1637
1709
1789
1879
1981
2097
2229
2381
2557
2764
3010
3307
3672
4131
4724
5518
6623
8236
10707
14601
20390
25500
25500
22722
17821
9101
5678
4064
3171
2611
2227
1947
1734
1565
1428
1315
1219
1138
1068
1006
952
905
863
825
791
761
734
709
686
665
647
630
614
600
587
575
564
554
545
537
530
523
518
513
508
504
501
499
497
495
494
494
494
495
496
497
499
502
505
509
514
520
526
533
541
549
557
567
578
590
603
617
632
648
667
687
709
733
760
789
822
858
899
944
996
1055
1122
1199
1288
1394
1520
1674
1864
2106
2424
2863
3506
4534
6390
10314
20251
25500
25500
25500
21600
7
5
5
5
5
5
5
5
5
5
5
5
5
4
3
3
3
2
2
2
1
1
1
1
0
0
0
0
0
0
0
0
0
0
0
0
0
0
0
0
0
0
0
0
0
0
0
0
1
1
1
1
1
1
2
2
3
3
4
5
5
5
5
5
5
5
5
5
5
5
5
5
5
5
5
5
5
5
5
5
5
5
5
5
5
5
5
5
5
5
5
5
5
5
16
24800
25500
